1	1	1
1	2	0.6369
1	9	0.6021
1	35	0.6109
1	38	0.6118
1	39	0.5671
1	58	0.6307
1	61	0.601
1	72	0.7947
1	84	0.6063
1	85	0.6677
1	88	0.5992
1	103	0.6456
1	138	0.5909
1	142	0.6511
1	152	0.6397
1	155	0.603
1	156	0.5883
1	161	0.5958
1	168	0.5979
1	179	0.6027
1	181	0.5617
1	182	0.6483
1	197	0.6433
1	218	0.676
1	222	0.6176
1	224	0.6027
1	229	0.5406
1	240	0.5804
1	241	0.6245
1	243	0.6402
1	244	0.6091
1	245	0.5979
1	250	0.6243
2	1	0.6369
2	2	1
2	4	0.6539
2	21	0.6132
2	34	0.6671
2	36	0.6527
2	38	0.611
2	39	0.588
2	40	0.6054
2	41	0.6164
2	48	0.7016
2	49	0.6455
2	50	0.6816
2	51	0.6539
2	52	0.6089
2	54	0.6954
2	56	0.6081
2	58	0.6208
2	65	0.5944
2	66	0.6476
2	71	0.5711
2	72	0.6262
2	78	0.6369
2	82	0.823
2	83	0.823
2	105	0.6363
2	106	0.61
2	121	0.6382
2	127	0.6743
2	138	0.5781
2	143	0.5992
2	144	0.5924
2	153	0.5768
2	157	0.5766
2	161	0.5984
2	164	0.6526
2	165	0.612
2	168	0.7994
2	170	0.6021
2	177	0.6043
2	178	0.6211
2	180	0.6826
2	181	0.5551
2	182	0.6218
2	184	0.6616
2	199	0.6255
2	211	0.767
2	217	0.5976
2	218	0.6841
2	219	0.6399
2	220	0.5754
2	221	0.6899
2	222	0.6137
2	224	0.5974
2	226	0.6279
2	227	0.5362
2	229	0.5406
2	238	0.6539
2	239	0.5746
2	240	0.5956
2	245	0.7994
2	249	0.6325
2	250	0.7994
3	3	1
3	5	0.6181
3	15	0.6272
3	19	0.6149
3	26	0.6489
3	34	0.6503
3	43	0.7072
3	51	0.5837
3	97	0.6336
3	108	0.6692
3	109	0.6692
3	110	0.6692
3	111	0.7356
3	112	0.6692
3	116	0.6692
3	117	0.6692
3	118	0.6692
3	121	0.596
3	135	0.6828
3	139	0.61
3	155	0.6141
3	160	0.6039
3	167	0.6233
3	180	0.5966
3	201	0.6028
3	203	0.6028
3	207	0.6583
3	208	0.6438
3	209	0.6583
3	210	0.6028
3	211	0.6284
3	213	0.7243
3	221	0.6102
3	238	0.5438
3	242	0.6272
3	249	0.605
3	250	0.5853
4	2	0.6539
4	4	1
4	51	0.706
4	121	0.6389
4	147	0.563
4	168	0.562
4	180	0.6403
4	238	0.706
5	5	1
5	155	0.6177
5	167	0.618
5	227	0.556
5	238	0.5438
6	6	1
6	86	0.5673
6	148	0.5906
6	149	0.5906
6	170	0.5659
6	243	0.7007
7	6	0.571
7	7	1
7	8	0.8341
7	9	0.5899
7	10	0.7376
7	11	0.8134
7	12	0.8134
7	13	0.6905
7	18	0.645
7	19	0.6421
7	23	0.61
7	24	0.6882
7	25	0.6882
7	26	0.6918
7	27	0.6645
7	28	0.6918
7	29	0.6896
7	31	0.6573
7	42	0.6201
7	43	0.7164
7	44	0.6882
7	45	0.7164
7	47	0.6668
7	53	0.6384
7	67	0.6528
7	68	0.6926
7	71	0.5781
7	74	0.6338
7	75	0.6749
7	76	0.6338
7	87	0.6882
7	89	0.682
7	90	0.6882
7	91	0.6882
7	92	0.6374
7	93	0.7164
7	94	0.6125
7	95	0.6882
7	96	0.6882
7	105	0.6114
7	124	0.6143
7	132	0.6386
7	133	0.6386
7	138	0.603
7	140	0.6386
7	148	0.6346
7	149	0.634
7	150	0.6263
7	151	0.6075
7	152	0.6524
7	153	0.5907
7	156	0.5926
7	159	0.5546
7	162	0.5628
7	176	0.6386
7	183	0.6396
7	215	0.6574
7	243	0.6365
7	248	0.6528
8	7	0.8341
8	8	1
8	10	0.7364
8	11	0.8134
8	12	0.8134
8	13	0.6905
8	18	0.657
8	19	0.6269
8	22	0.5878
8	24	0.7066
8	25	0.7066
8	26	0.6766
8	27	0.6645
8	28	0.6766
8	29	0.6896
8	31	0.6573
8	43	0.7164
8	44	0.7066
8	45	0.7164
8	47	0.6668
8	53	0.6384
8	67	0.6528
8	68	0.6926
8	74	0.6338
8	75	0.6749
8	76	0.6338
8	87	0.7011
8	89	0.6645
8	90	0.7011
8	91	0.7011
8	92	0.6556
8	93	0.7164
8	94	0.6307
8	95	0.7011
8	96	0.7011
8	132	0.6516
8	133	0.6516
8	140	0.657
8	142	0.6555
8	176	0.6516
8	183	0.6396
8	215	0.6574
8	248	0.6528
9	1	0.6021
9	6	0.5473
9	9	1
9	37	0.6142
9	61	0.5856
9	71	0.5763
9	72	0.605
9	74	0.6046
9	85	0.5948
9	86	0.5731
9	121	0.5962
9	138	0.5822
9	153	0.5966
9	166	0.584
9	170	0.5647
9	181	0.5476
9	227	0.5439
9	228	0.5756
9	229	0.5763
9	243	0.6838
9	244	0.5826
10	6	0.571
10	7	0.7376
10	8	0.7364
10	10	1
10	11	0.7376
10	12	0.7376
10	13	0.6905
10	19	0.6089
10	23	0.61
10	24	0.6657
10	25	0.6657
10	26	0.6657
10	27	0.6645
10	28	0.6645
10	29	0.6896
10	31	0.6398
10	44	0.6645
10	45	0.6645
10	67	0.6501
10	68	0.6926
10	74	0.6338
10	75	0.6749
10	76	0.6338
10	87	0.6645
10	89	0.6657
10	90	0.6645
10	91	0.6645
10	92	0.6374
10	93	0.6645
10	94	0.6125
10	95	0.6645
10	96	0.6645
10	148	0.5863
10	149	0.571
10	156	0.5926
10	159	0.5546
10	183	0.6396
10	215	0.6574
10	243	0.6365
10	248	0.623
11	7	0.8134
11	8	0.8134
11	10	0.7376
11	11	1
11	12	0.8134
11	13	0.6905
11	23	0.61
11	24	0.6657
11	25	0.6657
11	26	0.6657
11	27	0.6645
11	28	0.6645
11	29	0.6896
11	31	0.6398
11	44	0.6645
11	45	0.6645
11	67	0.6501
11	68	0.6926
11	74	0.6338
11	75	0.6749
11	76	0.6338
11	87	0.6645
11	89	0.6657
11	90	0.6645
11	91	0.6645
11	92	0.6374
11	93	0.6645
11	94	0.6125
11	95	0.6645
11	96	0.6645
11	183	0.6396
11	215	0.6574
11	248	0.623
12	1	0.6083
12	6	0.571
12	7	0.8134
12	8	0.8134
12	9	0.6158
12	10	0.7376
12	11	0.8134
12	12	1
12	13	0.6905
12	18	0.657
12	19	0.6176
12	23	0.61
12	24	0.7066
12	25	0.7066
12	26	0.7139
12	27	0.6645
12	28	0.6672
12	29	0.6896
12	31	0.6573
12	43	0.7205
12	44	0.7205
12	45	0.7066
12	61	0.5842
12	67	0.6995
12	68	0.6926
12	72	0.6262
12	74	0.6338
12	75	0.6749
12	76	0.6338
12	87	0.7011
12	89	0.6657
12	90	0.7011
12	91	0.7011
12	92	0.6374
12	93	0.6882
12	94	0.6125
12	95	0.7011
12	96	0.7011
12	132	0.6516
12	133	0.6516
12	138	0.6158
12	140	0.6709
12	148	0.5863
12	149	0.571
12	152	0.66
12	156	0.6043
12	159	0.5546
12	176	0.6516
12	181	0.5858
12	183	0.6396
12	215	0.6574
12	243	0.7194
12	248	0.6995
13	5	0.6147
13	7	0.6905
13	8	0.6905
13	10	0.6905
13	11	0.6905
13	12	0.6905
13	13	1
13	14	0.6985
13	23	0.6202
13	67	0.6193
13	68	0.6909
13	74	0.6202
13	75	0.6756
13	76	0.6977
13	77	0.6977
13	92	0.6228
13	116	0.6619
13	155	0.5936
13	215	0.6353
13	230	0.6619
13	231	0.6619
13	232	0.6619
13	233	0.6619
13	234	0.6619
13	235	0.6619
13	236	0.6619
13	247	0.6619
14	13	0.6985
14	14	1
14	41	0.6126
14	43	0.7154
14	53	0.677
14	66	0.5948
14	67	0.6445
14	68	0.6871
14	74	0.8159
14	75	0.8159
14	76	0.7272
14	77	0.7134
14	80	0.5961
14	105	0.6502
14	121	0.5998
14	122	0.6583
14	126	0.6762
14	127	0.5574
14	139	0.5817
14	146	0.5607
14	155	0.6057
14	182	0.6053
14	185	0.6762
14	186	0.6513
14	192	0.6814
14	193	0.6334
14	210	0.6026
14	211	0.6309
14	219	0.6004
14	236	0.6703
14	248	0.6445
15	15	1
15	155	0.6141
15	167	0.6651
15	201	0.6028
15	203	0.6028
15	210	0.6028
15	242	0.6272
16	6	0.5634
16	16	1
16	20	0.5706
16	30	0.6087
16	34	0.6333
16	35	0.6247
16	38	0.591
16	41	0.6412
16	42	0.6247
16	52	0.6527
16	61	0.5881
16	70	0.5712
16	71	0.575
16	79	0.5162
16	98	0.6091
16	138	0.5928
16	142	0.6703
16	148	0.5733
16	149	0.5733
16	162	0.6048
16	170	0.5634
16	177	0.603
16	178	0.603
16	197	0.6332
16	228	0.5887
17	17	1
17	18	0.7499
17	19	0.7074
17	34	0.6414
17	105	0.6176
17	133	0.6214
17	139	0.5878
17	160	0.6027
17	176	0.6214
17	248	0.6214
17	249	0.6176
18	8	0.657
18	9	0.6047
18	17	0.7499
18	18	1
18	19	0.7511
18	23	0.6319
18	24	0.657
18	25	0.657
18	26	0.6529
18	28	0.6269
18	34	0.6428
18	44	0.6657
18	45	0.6657
18	48	0.6167
18	63	0.6231
18	67	0.6529
18	71	0.5971
18	87	0.6516
18	90	0.6516
18	91	0.6516
18	95	0.6516
18	96	0.6516
18	105	0.6176
18	119	0.5945
18	132	0.6516
18	133	0.6516
18	138	0.5739
18	139	0.5878
18	140	0.657
18	148	0.5356
18	149	0.535
18	150	0.6319
18	151	0.6131
18	160	0.6027
18	176	0.6516
18	228	0.5669
18	248	0.6529
18	249	0.6357
19	17	0.7074
19	18	0.7511
19	19	1
19	23	0.615
19	26	0.6604
19	28	0.6604
19	31	0.6397
19	47	0.6624
19	53	0.6376
19	67	0.6176
19	105	0.6114
19	139	0.5878
19	215	0.6624
19	249	0.6098
20	20	1
20	32	0.58
20	38	0.5636
20	41	0.655
20	59	0.5476
20	64	0.6087
20	65	0.6271
20	79	0.5162
20	145	0.6024
20	146	0.5445
20	147	0.5693
20	156	0.5911
20	179	0.5969
20	197	0.5991
20	225	0.5852
21	21	1
21	40	0.6052
21	41	0.616
21	54	0.6056
21	66	0.6004
21	78	0.619
21	82	0.6456
21	83	0.6461
21	88	0.5944
21	104	0.5839
21	106	0.5962
21	128	0.5868
21	154	0.5774
21	165	0.6021
21	168	0.6325
21	169	0.597
21	182	0.6026
21	184	0.6179
21	217	0.6021
21	220	0.6196
21	221	0.6103
21	226	0.6021
21	245	0.622
21	250	0.622
22	22	1
22	55	0.659
22	56	0.6124
22	57	0.6124
22	124	0.6243
22	131	0.6543
22	141	0.617
22	158	0.6124
22	171	0.6124
22	172	0.6124
22	246	0.6124
23	9	0.5857
23	18	0.6319
23	19	0.615
23	23	1
23	31	0.645
23	53	0.7178
23	65	0.6136
23	66	0.5937
23	74	0.6347
23	75	0.6347
23	82	0.6121
23	86	0.5702
23	105	0.6411
23	119	0.6429
23	150	0.6818
23	151	0.6569
23	152	0.6435
23	153	0.6005
23	168	0.5624
23	170	0.5937
23	179	0.5878
23	184	0.6099
24	7	0.6882
24	8	0.7066
24	10	0.6657
24	11	0.6657
24	12	0.7066
24	17	0.6214
24	18	0.657
24	23	0.61
24	24	1
24	25	0.7469
24	26	0.7133
24	27	0.7023
24	28	0.7023
24	29	0.7154
24	31	0.6745
24	43	0.7066
24	44	0.7066
24	45	0.7066
24	87	0.7011
24	89	0.682
24	90	0.7011
24	91	0.7011
24	92	0.671
24	93	0.6882
24	94	0.6461
24	95	0.7011
24	96	0.7011
24	132	0.6516
24	133	0.6516
24	140	0.657
24	150	0.6263
24	151	0.6075
24	176	0.6516
24	183	0.6396
24	248	0.6214
25	7	0.6882
25	8	0.7066
25	10	0.6657
25	11	0.6657
25	12	0.7066
25	17	0.6214
25	18	0.657
25	19	0.6259
25	23	0.61
25	24	0.7469
25	25	1
25	26	0.7068
25	27	0.7023
25	28	0.7068
25	29	0.7154
25	31	0.6927
25	43	0.7066
25	44	0.7066
25	45	0.7066
25	87	0.7011
25	89	0.6657
25	90	0.7011
25	91	0.7011
25	92	0.671
25	93	0.6882
25	94	0.6461
25	95	0.7011
25	96	0.7011
25	132	0.6516
25	133	0.6516
25	140	0.657
25	176	0.6516
25	183	0.6396
25	248	0.6214
25	249	0.6098
26	3	0.6489
26	7	0.6918
26	8	0.6766
26	9	0.5919
26	10	0.6657
26	11	0.6657
26	12	0.7139
26	18	0.6529
26	19	0.6604
26	23	0.615
26	24	0.7133
26	25	0.7068
26	26	1
26	27	0.7093
26	28	0.7549
26	29	0.7154
26	31	0.7064
26	43	0.7231
26	44	0.7139
26	45	0.7025
26	53	0.6376
26	67	0.6643
26	87	0.6645
26	89	0.682
26	90	0.6645
26	91	0.6645
26	92	0.6374
26	93	0.6766
26	94	0.6125
26	95	0.6645
26	96	0.6645
26	105	0.6114
26	140	0.6643
26	150	0.6263
26	151	0.6075
26	183	0.6396
26	248	0.6643
26	249	0.6098
27	7	0.6645
27	8	0.6645
27	10	0.6645
27	11	0.6645
27	12	0.6645
27	17	0.6214
27	24	0.7023
27	25	0.7023
27	26	0.7093
27	27	1
27	28	0.7158
27	29	0.7154
27	31	0.657
27	43	0.671
27	44	0.671
27	45	0.671
27	87	0.6645
27	89	0.6645
27	90	0.671
27	91	0.671
27	92	0.671
27	93	0.6645
27	94	0.6461
27	95	0.671
27	96	0.671
27	133	0.6214
27	176	0.6214
27	183	0.6396
27	248	0.6214
28	7	0.6918
28	8	0.6766
28	10	0.6645
28	11	0.6645
28	12	0.6672
28	17	0.6214
28	19	0.6604
28	23	0.615
28	24	0.7023
28	25	0.7068
28	26	0.7549
28	27	0.7158
28	28	1
28	29	0.7154
28	31	0.7064
28	43	0.6766
28	44	0.6766
28	45	0.6766
28	53	0.6376
28	67	0.6176
28	87	0.6645
28	89	0.6645
28	90	0.671
28	91	0.671
28	92	0.671
28	93	0.6766
28	94	0.6461
28	95	0.671
28	96	0.671
28	105	0.6114
28	133	0.6214
28	154	0.5666
28	160	0.6378
28	176	0.6214
28	183	0.6396
28	248	0.6214
28	249	0.6098
29	7	0.6896
29	8	0.6896
29	10	0.6896
29	11	0.6896
29	12	0.6896
29	17	0.6152
29	19	0.6152
29	23	0.6059
29	24	0.7154
29	25	0.7154
29	26	0.7154
29	27	0.7154
29	28	0.7154
29	29	1
29	31	0.7568
29	43	0.6896
29	44	0.6896
29	45	0.6896
29	63	0.612
29	67	0.6152
29	73	0.6152
29	74	0.6059
29	75	0.6059
29	87	0.6896
29	89	0.6896
29	90	0.6896
29	91	0.6896
29	92	0.6896
29	93	0.6896
29	94	0.6522
29	95	0.6896
29	96	0.6896
29	132	0.6152
29	133	0.6152
29	139	0.6152
29	173	0.6152
29	174	0.6152
29	175	0.6152
29	176	0.6152
29	183	0.6522
29	215	0.6152
30	16	0.6087
30	30	1
30	32	0.6726
30	33	0.6931
30	35	0.6612
30	37	0.6265
30	39	0.6172
30	59	0.624
30	62	0.624
30	64	0.6137
30	69	0.5897
30	84	0.6202
30	103	0.5897
30	137	0.6172
30	142	0.6762
30	161	0.6286
30	177	0.6868
30	178	0.6868
30	224	0.6391
30	228	0.6328
31	7	0.6573
31	8	0.6573
31	10	0.6398
31	11	0.6398
31	19	0.6397
31	23	0.645
31	24	0.6745
31	25	0.6927
31	26	0.7064
31	27	0.657
31	28	0.7064
31	29	0.7568
31	31	1
31	43	0.688
31	44	0.688
31	45	0.6573
31	48	0.6201
31	53	0.6709
31	54	0.6074
31	74	0.6202
31	75	0.6202
31	87	0.6573
31	89	0.6503
31	90	0.6573
31	91	0.6573
31	92	0.6374
31	93	0.6943
31	94	0.6125
31	95	0.6573
31	96	0.6573
31	101	0.6625
31	150	0.6194
31	152	0.6688
31	161	0.5938
31	183	0.6149
31	218	0.6534
31	221	0.6136
31	249	0.6286
32	20	0.58
32	30	0.6726
32	32	1
32	33	0.7016
32	35	0.6289
32	37	0.6265
32	39	0.6172
32	59	0.6299
32	62	0.624
32	64	0.6572
32	69	0.5897
32	71	0.5671
32	81	0.5779
32	84	0.6731
32	103	0.5897
32	104	0.5901
32	128	0.5731
32	137	0.6172
32	142	0.6762
32	145	0.5913
32	161	0.6346
32	177	0.6662
32	178	0.6859
32	223	0.5669
32	224	0.6289
32	229	0.5315
32	241	0.5902
33	30	0.6931
33	32	0.7016
33	33	1
33	35	0.6612
33	37	0.6265
33	39	0.6172
33	48	0.6077
33	59	0.624
33	62	0.624
33	64	0.6209
33	69	0.5897
33	84	0.6491
33	103	0.5897
33	128	0.5731
33	137	0.6172
33	142	0.6762
33	145	0.5853
33	161	0.6286
33	177	0.674
33	178	0.674
33	224	0.6228
33	228	0.5693
34	2	0.6671
34	3	0.6503
34	16	0.6333
34	17	0.6414
34	18	0.6428
34	19	0.6224
34	22	0.5813
34	34	1
34	42	0.668
34	46	0.6804
34	47	0.6666
34	51	0.5835
34	52	0.6899
34	55	0.7034
34	56	0.6078
34	57	0.5904
34	58	0.6285
34	70	0.6064
34	71	0.6305
34	80	0.6218
34	86	0.5756
34	97	0.6503
34	98	0.6196
34	101	0.674
34	105	0.6414
34	124	0.6685
34	125	0.5777
34	127	0.5555
34	136	0.5901
34	138	0.6036
34	139	0.615
34	141	0.5813
34	143	0.5917
34	148	0.5862
34	149	0.5862
34	157	0.5917
34	160	0.6182
34	162	0.5873
34	171	0.5917
34	177	0.6008
34	178	0.6428
34	180	0.6744
34	184	0.6367
34	185	0.6666
34	205	0.6085
34	211	0.6168
34	218	0.7031
34	222	0.6574
34	228	0.6118
34	241	0.6041
34	249	0.6414
35	1	0.6109
35	16	0.6247
35	20	0.5893
35	30	0.6612
35	32	0.6289
35	33	0.6612
35	35	1
35	37	0.6706
35	38	0.5881
35	39	0.6005
35	41	0.6749
35	42	0.6213
35	52	0.6384
35	59	0.6158
35	62	0.6057
35	64	0.6124
35	69	0.6574
35	72	0.606
35	84	0.6002
35	85	0.6069
35	88	0.6007
35	98	0.623
35	103	0.591
35	130	0.5765
35	137	0.583
35	138	0.6067
35	142	0.7749
35	145	0.6525
35	146	0.5987
35	148	0.5733
35	149	0.5733
35	154	0.5673
35	156	0.6295
35	159	0.5547
35	161	0.6008
35	162	0.5909
35	165	0.6437
35	177	0.6612
35	178	0.6612
35	179	0.6207
35	181	0.5736
35	197	0.66
35	214	0.6139
35	223	0.5605
35	224	0.7002
35	228	0.6026
35	229	0.538
35	241	0.6485
35	244	0.5693
36	1	0.639
36	2	0.6527
36	5	0.6115
36	16	0.5928
36	22	0.586
36	30	0.597
36	32	0.6046
36	36	1
36	40	0.5747
36	42	0.6139
36	43	0.7252
36	44	0.7252
36	46	0.7618
36	47	0.7812
36	49	0.6136
36	51	0.5808
36	52	0.6588
36	55	0.6824
36	56	0.6378
36	57	0.6081
36	58	0.6889
36	60	0.64
36	70	0.6152
36	71	0.575
36	80	0.6098
36	97	0.6525
36	98	0.7312
36	99	0.6464
36	100	0.6566
36	101	0.6735
36	104	0.612
36	120	0.6759
36	121	0.6054
36	123	0.6344
36	124	0.6369
36	125	0.6174
36	129	0.7112
36	130	0.7112
36	131	0.7112
36	134	0.5582
36	136	0.6676
36	138	0.6102
36	141	0.5739
36	143	0.6028
36	144	0.6439
36	148	0.5594
36	149	0.5588
36	150	0.6317
36	151	0.6199
36	152	0.668
36	157	0.6165
36	158	0.6635
36	159	0.5689
36	160	0.6279
36	162	0.5774
36	163	0.6279
36	164	0.6813
36	165	0.6813
36	171	0.6081
36	172	0.5604
36	177	0.6426
36	178	0.6426
36	182	0.6405
36	194	0.6743
36	195	0.6774
36	196	0.5855
36	199	0.6546
36	211	0.612
36	212	0.661
36	214	0.6111
36	218	0.6739
36	219	0.6219
36	222	0.6102
36	223	0.6109
36	225	0.6122
36	228	0.6005
36	229	0.5415
36	237	0.6915
36	239	0.5854
36	240	0.5983
36	246	0.6081
37	1	0.6027
37	9	0.6142
37	20	0.5716
37	30	0.6265
37	32	0.6265
37	33	0.6265
37	35	0.6706
37	37	1
37	38	0.5896
37	39	0.6976
37	40	0.6164
37	41	0.67
37	59	0.6265
37	61	0.6058
37	62	0.6265
37	64	0.6547
37	69	0.6693
37	72	0.5895
37	79	0.501
37	84	0.7171
37	85	0.5895
37	88	0.6275
37	103	0.6395
37	137	0.6714
37	138	0.6058
37	142	0.6706
37	145	0.5963
37	147	0.5564
37	166	0.6294
37	177	0.6547
37	178	0.6547
37	179	0.6296
37	197	0.7561
37	223	0.5588
37	224	0.6443
37	227	0.6164
37	228	0.6164
37	229	0.6164
37	241	0.6693
37	243	0.6058
37	244	0.6275
38	1	0.6118
38	16	0.591
38	20	0.5636
38	38	1
38	41	0.6272
38	61	0.5461
38	65	0.584
38	71	0.5706
38	79	0.5816
38	85	0.6275
38	153	0.6149
38	156	0.6106
38	169	0.584
38	179	0.6149
38	197	0.6324
38	223	0.5744
38	244	0.5584
39	30	0.6172
39	32	0.6172
39	33	0.6172
39	37	0.6976
39	39	1
39	41	0.6137
39	52	0.6043
39	59	0.6172
39	62	0.6172
39	64	0.583
39	69	0.6078
39	84	0.6129
39	103	0.583
39	137	0.621
39	142	0.6527
39	161	0.6172
39	179	0.6027
39	197	0.6253
39	241	0.5892
39	244	0.5671
40	21	0.6052
40	37	0.6164
40	40	1
40	78	0.5905
40	79	0.507
40	82	0.6242
40	83	0.6336
40	128	0.5654
40	168	0.6242
40	197	0.6262
40	211	0.6296
40	217	0.5807
40	220	0.5723
40	226	0.6199
40	227	0.6099
40	228	0.5829
40	229	0.5923
40	245	0.6242
40	250	0.6242
41	16	0.6412
41	20	0.655
41	21	0.616
41	35	0.6749
41	37	0.67
41	38	0.6272
41	39	0.6137
41	41	1
41	48	0.6202
41	52	0.6626
41	54	0.6103
41	59	0.5654
41	64	0.5929
41	65	0.6023
41	69	0.6183
41	72	0.606
41	78	0.6754
41	79	0.5162
41	83	0.6083
41	84	0.6139
41	85	0.6318
41	88	0.6027
41	104	0.6179
41	105	0.6226
41	128	0.5911
41	134	0.5353
41	137	0.5575
41	142	0.6585
41	145	0.6901
41	146	0.6321
41	147	0.5958
41	154	0.6179
41	156	0.584
41	161	0.6008
41	163	0.6774
41	164	0.6417
41	165	0.6417
41	179	0.7194
41	184	0.6908
41	196	0.5821
41	197	0.6671
41	219	0.6119
41	223	0.566
41	224	0.6378
41	241	0.593
41	244	0.5693
41	245	0.5882
42	9	0.6126
42	16	0.6247
42	30	0.5864
42	34	0.668
42	35	0.6213
42	38	0.5812
42	42	1
42	44	0.6653
42	47	0.65
42	48	0.611
42	52	0.6069
42	55	0.6568
42	58	0.6173
42	60	0.6155
42	61	0.5574
42	63	0.6197
42	70	0.5878
42	85	0.607
42	86	0.573
42	103	0.5733
42	132	0.6271
42	134	0.5382
42	138	0.5818
42	144	0.6384
42	148	0.5356
42	149	0.535
42	155	0.6119
42	162	0.5831
42	178	0.6005
42	181	0.5455
42	201	0.6004
42	202	0.6377
42	203	0.6159
42	204	0.6478
42	210	0.6056
42	211	0.6174
42	214	0.612
42	222	0.6425
42	223	0.5744
42	228	0.5725
42	244	0.5533
43	1	0.6358
43	3	0.7072
43	7	0.7164
43	8	0.7164
43	9	0.5998
43	10	0.6657
43	11	0.6657
43	12	0.7205
43	14	0.7154
43	16	0.5934
43	17	0.622
43	18	0.657
43	19	0.6624
43	22	0.6237
43	23	0.61
43	24	0.7066
43	25	0.7066
43	26	0.7231
43	27	0.671
43	28	0.6766
43	29	0.6896
43	31	0.688
43	34	0.6666
43	36	0.7252
43	42	0.6688
43	43	1
43	44	0.7989
43	45	0.7832
43	47	0.6892
43	49	0.6201
43	53	0.6384
43	56	0.6199
43	58	0.6454
43	60	0.6661
43	63	0.6231
43	65	0.5909
43	67	0.6643
43	68	0.6574
43	74	0.6572
43	75	0.6983
43	86	0.573
43	87	0.7011
43	89	0.682
43	90	0.7011
43	91	0.7011
43	92	0.681
43	93	0.7164
43	94	0.6561
43	95	0.7011
43	96	0.7144
43	97	0.6406
43	102	0.6232
43	105	0.6219
43	111	0.7165
43	132	0.6648
43	133	0.6516
43	134	0.5329
43	139	0.5878
43	140	0.6709
43	142	0.7486
43	144	0.6384
43	150	0.6406
43	151	0.6218
43	153	0.5857
43	164	0.663
43	165	0.663
43	176	0.6516
43	181	0.5455
43	183	0.6396
43	185	0.6609
43	196	0.5541
43	202	0.6314
43	203	0.6159
43	204	0.6478
43	210	0.6056
43	211	0.6748
43	215	0.7049
43	221	0.6468
43	223	0.5558
43	248	0.6643
43	249	0.6309
44	1	0.6358
44	7	0.6882
44	8	0.7066
44	9	0.6126
44	10	0.6645
44	11	0.6645
44	12	0.7205
44	14	0.651
44	16	0.5934
44	17	0.6407
44	18	0.6657
44	19	0.6285
44	22	0.6393
44	24	0.7066
44	25	0.7066
44	26	0.7139
44	27	0.671
44	28	0.6766
44	29	0.6896
44	31	0.688
44	34	0.656
44	36	0.7252
44	42	0.6653
44	43	0.7989
44	44	1
44	45	0.7832
44	47	0.6517
44	49	0.6336
44	54	0.5944
44	56	0.6199
44	58	0.6454
44	60	0.6277
44	63	0.6197
44	65	0.5909
44	67	0.6643
44	68	0.6574
44	74	0.6098
44	75	0.651
44	86	0.573
44	87	0.7011
44	89	0.6756
44	90	0.7011
44	91	0.7011
44	92	0.681
44	93	0.6882
44	94	0.6561
44	95	0.7011
44	96	0.7144
44	97	0.6202
44	105	0.6219
44	132	0.6705
44	133	0.6516
44	134	0.5329
44	139	0.5878
44	140	0.6709
44	142	0.7486
44	144	0.6384
44	151	0.6131
44	153	0.5857
44	164	0.663
44	165	0.663
44	176	0.6516
44	180	0.5991
44	181	0.5455
44	183	0.6396
44	185	0.6496
44	202	0.6314
44	203	0.6159
44	204	0.6478
44	210	0.6056
44	211	0.6284
44	215	0.671
44	221	0.6277
44	223	0.5558
44	248	0.6643
44	249	0.6224
45	7	0.7164
45	8	0.7164
45	9	0.6126
45	10	0.6645
45	11	0.6645
45	12	0.7066
45	17	0.6214
45	18	0.6657
45	19	0.6269
45	24	0.7066
45	25	0.7066
45	26	0.7025
45	27	0.671
45	28	0.6766
45	29	0.6896
45	31	0.6573
45	34	0.656
45	42	0.6514
45	43	0.7832
45	44	0.7832
45	45	1
45	47	0.708
45	53	0.6384
45	63	0.6083
45	67	0.6529
45	68	0.6574
45	75	0.6398
45	87	0.7011
45	89	0.6645
45	90	0.7011
45	91	0.7011
45	92	0.681
45	93	0.7164
45	94	0.6561
45	95	0.7011
45	96	0.7011
45	132	0.6516
45	133	0.6516
45	140	0.657
45	142	0.6935
45	144	0.6245
45	176	0.6516
45	183	0.6396
45	211	0.6092
45	215	0.6574
45	226	0.5953
45	248	0.6529
46	16	0.6048
46	22	0.6212
46	33	0.5865
46	34	0.6804
46	36	0.7618
46	42	0.6286
46	46	1
46	47	0.7627
46	48	0.6407
46	49	0.6666
46	50	0.7079
46	52	0.6408
46	55	0.6748
46	56	0.6068
46	70	0.6749
46	71	0.5796
46	97	0.6626
46	99	0.6938
46	100	0.7162
46	101	0.7134
46	104	0.5843
46	106	0.5868
46	119	0.6064
46	120	0.726
46	123	0.6502
46	124	0.6927
46	125	0.6427
46	131	0.6358
46	136	0.6525
46	141	0.6022
46	143	0.6701
46	144	0.6057
46	148	0.5519
46	149	0.5519
46	150	0.619
46	152	0.6546
46	154	0.5623
46	158	0.6443
46	160	0.6191
46	162	0.6801
46	163	0.6285
46	166	0.5916
46	171	0.5921
46	172	0.641
46	177	0.5995
46	178	0.6093
46	194	0.6942
46	195	0.6774
46	199	0.6921
46	212	0.6748
46	214	0.6464
46	216	0.6848
46	218	0.6938
46	222	0.6285
46	223	0.5846
46	226	0.6173
46	237	0.7106
46	239	0.6034
47	7	0.6668
47	8	0.6668
47	17	0.6337
47	18	0.6386
47	19	0.6624
47	20	0.5698
47	23	0.6251
47	28	0.6269
47	34	0.6666
47	36	0.7812
47	42	0.65
47	43	0.6892
47	45	0.708
47	46	0.7627
47	47	1
47	49	0.6321
47	52	0.6325
47	53	0.6714
47	67	0.6176
47	80	0.6194
47	87	0.6386
47	89	0.6216
47	93	0.6668
47	97	0.6245
47	99	0.6273
47	101	0.6735
47	102	0.6232
47	104	0.6041
47	105	0.6176
47	120	0.6268
47	123	0.5746
47	124	0.6595
47	125	0.5954
47	132	0.6386
47	133	0.6386
47	139	0.641
47	140	0.674
47	143	0.6202
47	144	0.663
47	150	0.649
47	152	0.643
47	160	0.607
47	164	0.603
47	166	0.5916
47	172	0.5654
47	176	0.6386
47	184	0.6534
47	194	0.6198
47	195	0.6198
47	196	0.5558
47	215	0.6977
47	218	0.6862
47	221	0.6272
47	222	0.6102
47	224	0.6079
47	226	0.6173
47	237	0.6655
47	239	0.5668
47	241	0.6178
47	249	0.6176
48	2	0.7016
48	21	0.5774
48	33	0.6077
48	41	0.6202
48	48	1
48	52	0.6015
48	53	0.6428
48	54	0.695
48	70	0.6068
48	78	0.6175
48	80	0.5951
48	83	0.6076
48	98	0.6098
48	101	0.6431
48	104	0.6703
48	106	0.6246
48	124	0.6136
48	128	0.6175
48	148	0.5356
48	149	0.535
48	154	0.6175
48	162	0.5894
48	163	0.6202
48	164	0.6381
48	165	0.6579
48	182	0.6819
48	217	0.627
48	219	0.5999
48	221	0.6094
48	222	0.6293
48	226	0.6766
48	250	0.6044
49	2	0.6455
49	19	0.6134
49	35	0.6131
49	40	0.5906
49	46	0.6666
49	49	1
49	50	0.6547
49	51	0.5872
49	53	0.6608
49	54	0.6092
49	56	0.615
49	60	0.6085
49	64	0.5835
49	88	0.627
49	100	0.6615
49	101	0.6711
49	106	0.6181
49	119	0.6419
49	121	0.6038
49	125	0.5906
49	136	0.6592
49	144	0.65
49	150	0.6564
49	151	0.6564
49	153	0.5772
49	156	0.5993
49	160	0.6359
49	161	0.5884
49	166	0.5785
49	169	0.6339
49	180	0.6205
49	195	0.613
49	199	0.6242
49	219	0.6048
49	220	0.589
49	222	0.6158
49	223	0.5523
49	239	0.6136
50	2	0.6816
50	22	0.5974
50	35	0.6071
50	40	0.5864
50	46	0.7079
50	49	0.6547
50	50	1
50	51	0.578
50	80	0.612
50	82	0.6229
50	83	0.6666
50	88	0.6127
50	97	0.6214
50	99	0.6349
50	100	0.6349
50	101	0.6508
50	120	0.6863
50	123	0.6325
50	125	0.5846
50	127	0.5686
50	129	0.5854
50	136	0.6084
50	141	0.6209
50	143	0.6701
50	158	0.6157
50	168	0.5744
50	170	0.5795
50	171	0.5921
50	172	0.641
50	178	0.5991
50	180	0.6539
50	181	0.5716
50	184	0.6389
50	194	0.6238
50	195	0.5961
50	199	0.6086
50	212	0.5841
50	216	0.6848
50	239	0.577
50	245	0.6089
50	249	0.6271
50	250	0.5853
51	2	0.6539
51	4	0.706
51	51	1
51	60	0.6169
51	66	0.6198
51	80	0.6156
51	86	0.5626
51	97	0.6228
51	99	0.605
51	121	0.6407
51	127	0.6056
51	144	0.6008
51	147	0.563
51	160	0.6153
51	180	0.6403
51	212	0.5752
51	220	0.5861
51	221	0.6154
51	238	0.706
52	6	0.55
52	16	0.6527
52	30	0.5776
52	34	0.6899
52	35	0.6384
52	36	0.6588
52	38	0.5741
52	39	0.6043
52	41	0.6626
52	52	1
52	61	0.5881
52	70	0.5883
52	71	0.5695
52	72	0.6272
52	85	0.6592
52	88	0.619
52	98	0.6668
52	106	0.5827
52	138	0.5938
52	142	0.6639
52	148	0.574
52	149	0.574
52	156	0.5883
52	163	0.6357
52	170	0.5634
52	177	0.6064
52	178	0.6064
52	180	0.6298
52	181	0.6067
52	184	0.6505
52	196	0.5655
52	197	0.6592
52	219	0.6214
52	222	0.6152
52	224	0.6318
52	228	0.5776
52	240	0.5804
52	244	0.5693
53	4	0.5935
53	5	0.6053
53	9	0.6093
53	14	0.677
53	19	0.6376
53	23	0.7178
53	28	0.6376
53	31	0.6709
53	47	0.6714
53	48	0.6428
53	49	0.6608
53	53	1
53	57	0.5805
53	65	0.6504
53	66	0.6018
53	71	0.5814
53	74	0.6347
53	75	0.6347
53	80	0.6516
53	82	0.629
53	83	0.629
53	86	0.6239
53	101	0.6975
53	104	0.6027
53	105	0.6868
53	119	0.6819
53	125	0.5849
53	127	0.5736
53	132	0.6194
53	133	0.6194
53	139	0.5685
53	143	0.6269
53	144	0.6001
53	150	0.6887
53	151	0.6769
53	152	0.6949
53	153	0.6215
53	155	0.6113
53	157	0.5805
53	163	0.6166
53	166	0.6047
53	168	0.5624
53	169	0.5927
53	170	0.5984
53	176	0.6194
53	179	0.5878
53	180	0.6091
53	181	0.5457
53	184	0.618
53	218	0.6607
53	219	0.636
53	221	0.6771
53	237	0.597
53	238	0.5935
53	241	0.6096
53	245	0.6088
53	249	0.6397
54	2	0.6954
54	21	0.6056
54	48	0.695
54	54	1
54	58	0.6225
54	78	0.6288
54	82	0.6524
54	83	0.6604
54	88	0.648
54	104	0.6245
54	106	0.6328
54	128	0.6268
54	134	0.5283
54	154	0.6175
54	164	0.6268
54	165	0.6268
54	168	0.6117
54	169	0.5776
54	175	0.6391
54	182	0.7085
54	217	0.627
54	226	0.6766
54	227	0.5362
54	229	0.5406
54	239	0.5872
54	245	0.6041
54	250	0.6328
55	16	0.6012
55	18	0.6367
55	22	0.659
55	34	0.7034
55	36	0.6824
55	42	0.6568
55	46	0.6748
55	48	0.6168
55	49	0.6297
55	50	0.6209
55	52	0.6431
55	55	1
55	56	0.6655
55	57	0.6655
55	58	0.6655
55	62	0.5735
55	69	0.5855
55	70	0.6284
55	71	0.6156
55	80	0.6107
55	83	0.6148
55	97	0.6333
55	98	0.6555
55	99	0.6779
55	100	0.6779
55	101	0.6962
55	105	0.6113
55	119	0.5938
55	120	0.6827
55	121	0.6049
55	123	0.6306
55	124	0.662
55	125	0.6288
55	129	0.6926
55	130	0.6926
55	131	0.6926
55	136	0.5899
55	138	0.5859
55	141	0.6405
55	143	0.6968
55	144	0.6126
55	148	0.5899
55	149	0.5899
55	150	0.6255
55	151	0.6093
55	152	0.662
55	153	0.5768
55	157	0.6968
55	158	0.7204
55	159	0.5689
55	160	0.6159
55	161	0.5956
55	162	0.6255
55	163	0.6249
55	171	0.6906
55	172	0.6386
55	178	0.6189
55	185	0.654
55	194	0.6634
55	195	0.6492
55	199	0.6598
55	212	0.6236
55	214	0.678
55	218	0.6779
55	222	0.6791
55	225	0.5909
55	237	0.6573
55	239	0.5846
55	240	0.608
55	241	0.6107
55	246	0.6655
55	249	0.6392
56	22	0.6124
56	49	0.615
56	55	0.6655
56	56	1
56	57	0.7181
56	58	0.7181
56	70	0.5833
56	71	0.5727
56	80	0.6189
56	86	0.5794
56	97	0.6307
56	98	0.617
56	105	0.6929
56	119	0.5849
56	121	0.596
56	123	0.6306
56	129	0.617
56	130	0.617
56	131	0.6568
56	141	0.5704
56	143	0.6655
56	151	0.6017
56	157	0.6655
56	158	0.6655
56	159	0.5689
56	171	0.6655
56	172	0.6386
56	194	0.6128
56	225	0.5909
56	239	0.6034
56	240	0.6237
56	241	0.6026
56	246	0.6655
57	22	0.6124
57	55	0.6655
57	56	0.7181
57	57	1
57	58	0.7181
57	71	0.5727
57	80	0.6026
57	98	0.617
57	123	0.6306
57	129	0.617
57	130	0.617
57	131	0.617
57	143	0.6655
57	157	0.6655
57	158	0.6655
57	159	0.5689
57	171	0.6655
57	172	0.6386
57	225	0.5909
57	239	0.5756
57	240	0.6071
57	241	0.6026
57	246	0.6655
58	1	0.6307
58	22	0.6124
58	34	0.6285
58	36	0.6889
58	42	0.6173
58	49	0.6135
58	54	0.6225
58	55	0.6655
58	56	0.7181
58	57	0.7181
58	58	1
58	71	0.589
58	80	0.6392
58	98	0.617
58	121	0.596
58	123	0.6306
58	128	0.5603
58	129	0.617
58	130	0.617
58	131	0.6568
58	134	0.5448
58	141	0.5704
58	143	0.6655
58	150	0.6194
58	156	0.5851
58	157	0.6655
58	158	0.6655
58	159	0.5689
58	163	0.6328
58	171	0.6655
58	172	0.6386
58	182	0.6488
58	196	0.6018
58	225	0.6014
58	239	0.6034
58	240	0.6071
58	241	0.6495
58	246	0.6655
58	249	0.6123
59	30	0.624
59	32	0.6299
59	33	0.624
59	35	0.6158
59	37	0.6265
59	39	0.6172
59	59	1
59	62	0.624
59	64	0.6127
59	69	0.5897
59	84	0.5992
59	103	0.5897
59	137	0.6172
59	145	0.616
59	146	0.5622
59	147	0.5958
59	161	0.6801
59	177	0.5897
59	178	0.6127
59	225	0.5809
60	4	0.5816
60	38	0.5672
60	40	0.5737
60	42	0.6155
60	51	0.6169
60	54	0.5918
60	60	1
60	71	0.5737
60	88	0.6643
60	97	0.6269
60	98	0.6539
60	99	0.6517
60	106	0.6813
60	119	0.5708
60	125	0.587
60	128	0.575
60	134	0.5382
60	136	0.6499
60	144	0.6109
60	153	0.5969
60	160	0.6494
60	161	0.5916
60	164	0.6338
60	165	0.6267
60	169	0.5892
60	178	0.6075
60	180	0.6031
60	184	0.6092
60	185	0.7058
60	195	0.6004
60	199	0.6432
60	218	0.6546
60	219	0.615
60	220	0.6102
60	221	0.6282
60	222	0.6634
60	223	0.5523
60	237	0.5956
60	238	0.5816
60	239	0.582
61	9	0.5856
61	16	0.5881
61	61	1
61	72	0.6023
61	85	0.6384
61	103	0.5947
61	138	0.6622
61	156	0.5843
61	243	0.6583
61	244	0.5692
62	30	0.624
62	32	0.624
62	33	0.624
62	37	0.6265
62	39	0.6172
62	59	0.624
62	62	1
62	64	0.6171
62	69	0.6292
62	84	0.6224
62	103	0.6498
62	137	0.6172
62	141	0.5715
62	161	0.6514
62	177	0.5897
63	42	0.6197
63	63	1
63	140	0.6231
63	191	0.6342
63	201	0.6083
63	202	0.6083
63	204	0.6083
63	228	0.5846
64	20	0.6087
64	30	0.6137
64	32	0.6572
64	33	0.6209
64	35	0.6124
64	37	0.6547
64	39	0.583
64	59	0.6127
64	62	0.6171
64	64	1
64	69	0.5964
64	84	0.6332
64	103	0.6171
64	137	0.583
64	142	0.6626
64	145	0.6088
64	156	0.6648
64	161	0.6995
64	166	0.5772
64	177	0.6854
64	178	0.7068
64	179	0.6048
64	225	0.5814
64	227	0.5327
65	4	0.5761
65	16	0.5831
65	20	0.6271
65	23	0.6136
65	38	0.584
65	40	0.5821
65	53	0.6504
65	59	0.5476
65	61	0.5531
65	65	1
65	66	0.6165
65	71	0.577
65	78	0.5833
65	79	0.5162
65	86	0.6073
65	88	0.607
65	121	0.61
65	127	0.5638
65	145	0.5803
65	146	0.5771
65	147	0.6182
65	150	0.6211
65	151	0.6211
65	153	0.6442
65	166	0.5835
65	168	0.5624
65	169	0.628
65	170	0.5939
65	180	0.624
65	184	0.6163
65	219	0.6051
65	220	0.5839
65	222	0.6056
65	225	0.5936
65	238	0.5761
66	2	0.6476
66	4	0.5816
66	6	0.5659
66	21	0.6004
66	38	0.5807
66	40	0.5772
66	51	0.6198
66	61	0.5649
66	65	0.6165
66	66	1
66	78	0.5941
66	79	0.5162
66	82	0.6004
66	86	0.6012
66	119	0.5897
66	121	0.6444
66	127	0.5804
66	128	0.5619
66	145	0.6122
66	146	0.5617
66	147	0.5951
66	150	0.6257
66	151	0.6257
66	153	0.6061
66	161	0.6027
66	166	0.5922
66	168	0.5799
66	169	0.6205
66	170	0.6226
66	179	0.6443
66	211	0.6223
66	217	0.5772
66	219	0.5991
66	220	0.6283
66	221	0.6595
66	226	0.6308
66	227	0.5327
66	238	0.5816
66	243	0.6009
66	245	0.575
67	7	0.6528
67	9	0.5998
67	10	0.6501
67	11	0.6501
67	12	0.6995
67	14	0.6445
67	18	0.6529
67	19	0.6176
67	26	0.6643
67	67	1
67	68	0.7802
67	74	0.6939
67	75	0.6939
67	76	0.6939
67	119	0.5702
67	140	0.6643
67	181	0.5716
67	237	0.5977
67	248	0.7939
68	5	0.6479
68	7	0.6926
68	8	0.6926
68	10	0.6926
68	11	0.6926
68	12	0.6926
68	13	0.6909
68	14	0.6871
68	15	0.6209
68	45	0.6574
68	67	0.7802
68	68	1
68	74	0.6338
68	75	0.6787
68	76	0.6871
68	77	0.6871
68	155	0.5936
68	167	0.6767
68	206	0.6689
68	207	0.6938
68	208	0.6938
68	209	0.6938
68	215	0.6574
68	230	0.655
68	231	0.655
68	232	0.655
68	233	0.655
68	234	0.655
68	235	0.655
68	236	0.655
68	247	0.655
68	248	0.6857
69	30	0.5897
69	32	0.5897
69	33	0.5897
69	35	0.6574
69	37	0.6693
69	39	0.6078
69	41	0.6183
69	59	0.5897
69	62	0.6292
69	64	0.5964
69	69	1
69	84	0.6789
69	103	0.5897
69	124	0.6206
69	129	0.5855
69	130	0.5855
69	137	0.6078
69	156	0.6
69	177	0.5897
69	179	0.5821
69	197	0.6183
69	224	0.6414
69	241	0.6507
69	244	0.5533
70	46	0.6749
70	70	1
70	99	0.5983
70	100	0.6314
70	136	0.5899
70	148	0.5519
70	149	0.5519
70	162	0.6736
70	194	0.6206
70	195	0.6082
70	212	0.6363
70	217	0.5703
70	223	0.5515
70	237	0.6351
71	34	0.6305
71	38	0.5706
71	71	1
71	146	0.5507
71	147	0.5785
71	148	0.5419
71	149	0.5413
71	227	0.5625
71	228	0.617
71	229	0.5763
72	1	0.7947
72	9	0.605
72	52	0.6272
72	61	0.6023
72	72	1
72	79	0.501
72	82	0.6262
72	83	0.6262
72	85	0.6672
72	103	0.6575
72	138	0.6023
72	163	0.6272
72	168	0.6262
72	181	0.5996
72	197	0.6672
72	224	0.606
72	243	0.6236
72	244	0.6672
72	245	0.6262
72	250	0.6262
73	73	1
74	6	0.5473
74	9	0.6046
74	14	0.8159
74	23	0.6347
74	53	0.6347
74	67	0.6939
74	74	1
74	75	0.832
74	76	0.7934
74	77	0.6398
74	105	0.6248
74	139	0.5817
74	243	0.6009
74	248	0.677
75	6	0.5473
75	7	0.6749
75	8	0.6749
75	9	0.6046
75	10	0.6749
75	11	0.6749
75	12	0.6749
75	13	0.6756
75	14	0.8159
75	23	0.6347
75	43	0.6983
75	53	0.6347
75	67	0.6939
75	68	0.6787
75	74	0.832
75	75	1
75	76	0.7934
75	77	0.6905
75	92	0.6228
75	93	0.6398
75	105	0.6248
75	139	0.5817
75	142	0.6446
75	155	0.6057
75	182	0.59
75	210	0.6026
75	243	0.6009
75	248	0.677
76	6	0.5473
76	9	0.6046
76	13	0.6977
76	14	0.7272
76	67	0.6939
76	68	0.6871
76	74	0.7934
76	75	0.7934
76	76	1
76	77	0.7134
76	155	0.5936
76	243	0.6009
76	248	0.677
77	6	0.5473
77	9	0.5915
77	13	0.6977
77	14	0.7134
77	68	0.6871
77	74	0.6398
77	75	0.6905
77	76	0.7134
77	77	1
77	155	0.5936
77	243	0.6009
78	2	0.6369
78	21	0.619
78	40	0.5905
78	41	0.6754
78	48	0.6175
78	54	0.6288
78	59	0.5415
78	66	0.5941
78	78	1
78	82	0.6251
78	83	0.6333
78	104	0.6245
78	106	0.5818
78	128	0.6245
78	134	0.5353
78	145	0.5983
78	146	0.5462
78	147	0.5719
78	154	0.6175
78	161	0.6171
78	164	0.6377
78	165	0.6377
78	168	0.5845
78	175	0.6246
78	182	0.6353
78	197	0.601
78	217	0.6377
78	220	0.5794
78	226	0.6377
78	227	0.5362
78	229	0.5278
78	245	0.5845
78	250	0.6132
79	38	0.5816
79	79	1
80	4	0.5639
80	50	0.612
80	51	0.6156
80	53	0.6516
80	56	0.6189
80	57	0.6026
80	58	0.6392
80	64	0.5864
80	80	1
80	104	0.5922
80	106	0.5865
80	123	0.5719
80	127	0.5971
80	128	0.572
80	134	0.5633
80	143	0.6166
80	152	0.6512
80	154	0.5695
80	156	0.5852
80	164	0.6068
80	171	0.6106
80	172	0.5836
80	182	0.5974
80	216	0.5523
80	219	0.6148
80	222	0.6132
80	239	0.5779
80	241	0.6107
80	246	0.5695
81	30	0.572
81	32	0.5779
81	33	0.572
81	81	1
81	102	0.6168
81	161	0.6233
81	178	0.5992
82	2	0.823
82	4	0.562
82	21	0.6456
82	23	0.6121
82	40	0.6242
82	50	0.6229
82	51	0.578
82	54	0.6524
82	66	0.6004
82	72	0.6262
82	78	0.6251
82	82	1
82	83	0.8506
82	85	0.5945
82	88	0.5945
82	104	0.5873
82	106	0.6378
82	128	0.5787
82	154	0.5694
82	164	0.6786
82	165	0.6263
82	168	0.7994
82	169	0.5991
82	170	0.5913
82	182	0.5933
82	184	0.6397
82	211	0.6104
82	217	0.625
82	218	0.6581
82	220	0.6279
82	221	0.6424
82	222	0.6111
82	226	0.6476
82	238	0.562
82	240	0.6113
82	245	0.7998
82	250	0.7994
83	2	0.823
83	4	0.562
83	21	0.6461
83	40	0.6336
83	48	0.6076
83	50	0.6666
83	54	0.6604
83	66	0.6004
83	72	0.6262
83	78	0.6333
83	82	0.8506
83	83	1
83	105	0.6242
83	106	0.6383
83	128	0.5868
83	129	0.6071
83	130	0.6071
83	131	0.5873
83	154	0.5774
83	163	0.6077
83	164	0.6786
83	165	0.6303
83	168	0.7994
83	170	0.5913
83	182	0.6232
83	184	0.6456
83	199	0.6641
83	211	0.6104
83	217	0.633
83	220	0.5873
83	221	0.6424
83	226	0.648
83	238	0.562
83	240	0.5947
83	245	0.7998
83	250	0.7994
84	1	0.6063
84	20	0.58
84	30	0.6202
84	32	0.6731
84	33	0.6491
84	37	0.7171
84	39	0.6129
84	41	0.6139
84	51	0.5782
84	59	0.5992
84	61	0.5759
84	62	0.6224
84	64	0.6332
84	69	0.6789
84	72	0.5811
84	84	1
84	85	0.6058
84	86	0.5728
84	98	0.6586
84	103	0.6255
84	134	0.5354
84	137	0.6129
84	138	0.5822
84	145	0.586
84	152	0.6463
84	166	0.6042
84	177	0.6273
84	178	0.647
84	197	0.665
84	224	0.5967
84	225	0.5846
84	241	0.6216
84	243	0.6058
84	244	0.5692
85	1	0.6677
85	4	0.5456
85	6	0.5517
85	9	0.5948
85	16	0.5881
85	21	0.5856
85	35	0.6069
85	38	0.6275
85	41	0.6318
85	52	0.6592
85	59	0.5598
85	61	0.6384
85	72	0.6672
85	79	0.5162
85	84	0.6058
85	85	1
85	88	0.6447
85	103	0.6039
85	106	0.5944
85	142	0.6522
85	156	0.6185
85	163	0.6121
85	166	0.5942
85	179	0.608
85	197	0.7
85	223	0.5744
85	224	0.6318
85	238	0.5456
85	241	0.5905
85	243	0.6583
85	244	0.6101
86	6	0.5673
86	65	0.6073
86	66	0.6012
86	86	1
86	121	0.6284
86	136	0.5986
86	147	0.5541
86	169	0.5965
86	180	0.6284
86	243	0.6031
87	7	0.6882
87	8	0.7011
87	10	0.6645
87	11	0.6645
87	12	0.7011
87	18	0.6516
87	24	0.7011
87	25	0.7011
87	26	0.6645
87	27	0.6645
87	28	0.6645
87	29	0.6896
87	31	0.6573
87	43	0.7011
87	44	0.7011
87	45	0.7011
87	87	1
87	89	0.6645
87	90	0.7011
87	91	0.7011
87	92	0.6374
87	93	0.6882
87	94	0.6125
87	95	0.7349
87	96	0.7011
87	132	0.6516
87	133	0.6516
87	139	0.6161
87	140	0.6516
87	176	0.6516
87	183	0.6734
88	4	0.5939
88	21	0.5944
88	37	0.6275
88	38	0.5905
88	39	0.5812
88	49	0.627
88	50	0.6127
88	51	0.5939
88	52	0.619
88	54	0.648
88	60	0.6643
88	61	0.5626
88	65	0.607
88	78	0.5852
88	85	0.6447
88	86	0.5641
88	88	1
88	100	0.6407
88	106	0.6258
88	144	0.612
88	146	0.5387
88	147	0.5605
88	153	0.607
88	169	0.5908
88	180	0.6779
88	184	0.6626
88	196	0.5526
88	197	0.657
88	200	0.5738
88	218	0.6583
88	219	0.6081
88	222	0.7255
88	224	0.6507
88	238	0.5939
88	244	0.5997
89	7	0.682
89	8	0.6645
89	10	0.6657
89	11	0.6657
89	12	0.6657
89	23	0.61
89	24	0.682
89	25	0.6657
89	26	0.682
89	27	0.6645
89	28	0.6645
89	29	0.6896
89	31	0.6503
89	43	0.682
89	44	0.6756
89	45	0.6645
89	87	0.6645
89	89	1
89	90	0.6859
89	91	0.6859
89	92	0.6588
89	93	0.6859
89	94	0.6722
89	95	0.6645
89	96	0.6859
89	132	0.626
89	139	0.5878
89	140	0.626
89	150	0.6263
89	151	0.6075
89	183	0.6396
90	7	0.6882
90	8	0.7011
90	10	0.6645
90	11	0.6645
90	12	0.7011
90	17	0.6214
90	18	0.6516
90	24	0.7011
90	25	0.7011
90	26	0.6645
90	27	0.671
90	28	0.671
90	29	0.6896
90	31	0.6573
90	43	0.7011
90	44	0.7011
90	45	0.7011
90	63	0.6083
90	87	0.7011
90	89	0.6859
90	90	1
90	91	0.7226
90	92	0.7024
90	93	0.7097
90	94	0.6775
90	95	0.7011
90	96	0.7226
90	132	0.6516
90	133	0.6516
90	140	0.6516
90	176	0.6516
90	183	0.6396
90	248	0.6314
91	7	0.6882
91	8	0.7011
91	10	0.6645
91	11	0.6645
91	12	0.7011
91	17	0.6214
91	18	0.6516
91	24	0.7011
91	25	0.7011
91	26	0.6645
91	27	0.671
91	28	0.671
91	29	0.6896
91	31	0.6573
91	43	0.7011
91	44	0.7011
91	45	0.7011
91	63	0.6083
91	87	0.7011
91	89	0.6859
91	90	0.7226
91	91	1
91	92	0.7024
91	93	0.7097
91	94	0.6775
91	95	0.7011
91	96	0.7226
91	132	0.6516
91	133	0.6516
91	140	0.6516
91	176	0.6516
91	183	0.6396
91	248	0.6314
92	8	0.6556
92	10	0.6374
92	11	0.6374
92	17	0.6214
92	24	0.671
92	25	0.671
92	27	0.671
92	28	0.671
92	29	0.6896
92	31	0.6374
92	43	0.681
92	44	0.681
92	45	0.681
92	63	0.6083
92	75	0.6228
92	87	0.6374
92	89	0.6588
92	90	0.7024
92	91	0.7024
92	92	1
92	93	0.6829
92	94	0.6834
92	95	0.681
92	96	0.7024
92	133	0.6314
92	140	0.6314
92	142	0.6935
92	176	0.6214
92	183	0.6125
92	248	0.6314
93	7	0.7164
93	8	0.7164
93	10	0.6645
93	11	0.6645
93	12	0.6882
93	18	0.6386
93	19	0.6269
93	24	0.6882
93	25	0.6882
93	26	0.6766
93	27	0.6645
93	28	0.6766
93	29	0.6896
93	31	0.6943
93	43	0.7164
93	44	0.6882
93	45	0.7164
93	47	0.6668
93	53	0.6384
93	54	0.5944
93	67	0.6176
93	75	0.6398
93	87	0.6882
93	89	0.6859
93	90	0.7097
93	91	0.7097
93	92	0.6829
93	93	1
93	94	0.658
93	95	0.6882
93	96	0.7097
93	132	0.6386
93	133	0.6386
93	140	0.6386
93	142	0.6555
93	160	0.6178
93	176	0.6386
93	183	0.6396
93	249	0.6417
94	24	0.6461
94	25	0.6461
94	27	0.6461
94	28	0.6461
94	29	0.6522
94	45	0.6561
94	89	0.6722
94	90	0.6775
94	91	0.6775
94	92	0.6834
94	93	0.658
94	94	1
94	95	0.6561
94	96	0.6775
94	139	0.5629
94	142	0.6935
94	151	0.6012
94	154	0.575
94	183	0.6125
95	7	0.6882
95	8	0.7011
95	10	0.6645
95	11	0.6645
95	12	0.7011
95	17	0.6214
95	18	0.6516
95	24	0.7011
95	25	0.7011
95	26	0.6645
95	27	0.671
95	28	0.671
95	29	0.6896
95	31	0.6573
95	43	0.7011
95	44	0.7011
95	45	0.7011
95	63	0.6083
95	87	0.7349
95	89	0.6645
95	90	0.7011
95	91	0.7011
95	92	0.681
95	93	0.6882
95	94	0.6561
95	95	1
95	96	0.7011
95	132	0.6516
95	133	0.6516
95	140	0.6516
95	176	0.6516
95	183	0.6734
95	248	0.6314
96	7	0.6882
96	8	0.7011
96	10	0.6645
96	11	0.6645
96	12	0.7011
96	17	0.6214
96	18	0.6516
96	24	0.7011
96	25	0.7011
96	26	0.6645
96	27	0.671
96	28	0.671
96	29	0.6896
96	31	0.6573
96	43	0.7144
96	44	0.7144
96	45	0.7011
96	63	0.6083
96	87	0.7011
96	89	0.6859
96	90	0.7226
96	91	0.7226
96	92	0.7024
96	93	0.7097
96	94	0.6775
96	95	0.7011
96	96	1
96	132	0.6648
96	133	0.6516
96	140	0.6516
96	176	0.6516
96	183	0.6396
96	248	0.6314
97	22	0.5845
97	34	0.6503
97	36	0.6525
97	42	0.6177
97	46	0.6626
97	50	0.6214
97	51	0.6228
97	56	0.6307
97	58	0.6173
97	60	0.6269
97	80	0.6098
97	97	1
97	98	0.608
97	99	0.6796
97	100	0.6587
97	101	0.6916
97	104	0.5785
97	105	0.6609
97	120	0.6321
97	124	0.6311
97	125	0.6219
97	131	0.6253
97	139	0.61
97	140	0.6551
97	141	0.5938
97	144	0.6201
97	150	0.655
97	151	0.6301
97	152	0.6605
97	158	0.6151
97	160	0.6026
97	169	0.5783
97	182	0.6142
97	194	0.667
97	195	0.6311
97	199	0.6065
97	212	0.6065
97	214	0.6328
97	218	0.6962
97	237	0.6262
97	249	0.6155
98	16	0.6091
98	32	0.5996
98	35	0.623
98	36	0.7312
98	48	0.6098
98	52	0.6668
98	55	0.6555
98	56	0.617
98	57	0.617
98	60	0.6539
98	69	0.5921
98	70	0.5737
98	84	0.6586
98	98	1
98	104	0.6144
98	119	0.5933
98	123	0.617
98	129	0.6622
98	130	0.6622
98	131	0.6622
98	138	0.6048
98	146	0.5387
98	147	0.5605
98	148	0.5899
98	149	0.5899
98	152	0.642
98	157	0.617
98	158	0.6405
98	159	0.5689
98	162	0.5737
98	163	0.642
98	171	0.617
98	194	0.608
98	196	0.5754
98	197	0.6024
98	214	0.6307
98	225	0.6227
98	228	0.5674
98	229	0.5278
98	239	0.5942
98	240	0.601
98	246	0.617
99	36	0.6464
99	46	0.6938
99	50	0.6349
99	51	0.605
99	55	0.6779
99	60	0.6517
99	62	0.5898
99	70	0.5983
99	97	0.6796
99	99	1
99	100	0.7431
99	101	0.7286
