1	1	1
1	29	0.5258
1	138	0.5274
2	1	0.5129
2	2	1
2	21	0.7024
2	39	0.6998
2	43	0.7131
2	47	0.6475
2	51	0.6734
2	58	0.564
2	77	0.5191
2	82	0.5056
2	92	0.5039
2	117	0.6133
2	122	0.5405
2	131	0.6125
2	133	0.5045
2	145	0.7091
2	149	0.5048
2	151	0.6635
2	152	0.5047
2	166	0.5043
2	176	0.521
2	178	0.5048
2	184	0.6524
2	189	0.669
2	198	0.5281
2	199	0.6389
2	205	0.6333
2	211	0.5045
2	221	0.5051
2	222	0.52
2	239	0.5154
2	241	0.5279
2	242	0.5243
2	245	0.5046
2	255	0.6668
2	272	0.5049
2	298	0.5381
2	311	0.5413
2	312	0.5687
3	3	1
3	44	0.5607
3	57	0.5365
3	67	0.523
3	81	0.5435
3	104	0.523
3	109	0.5218
3	130	0.5607
3	168	0.5274
3	193	0.5816
3	235	0.5365
3	249	0.5696
3	261	0.5243
3	290	0.5365
4	4	1
4	19	0.5152
4	59	0.5197
4	71	0.5365
4	97	0.5136
4	136	0.5314
4	137	0.6234
4	141	0.5207
4	222	0.5136
4	258	0.5481
5	5	1
5	9	0.5113
5	40	0.5435
5	46	0.5316
5	49	0.5351
5	59	0.521
5	97	0.5188
5	100	0.7162
5	116	0.5317
5	135	0.5232
5	139	0.676
5	141	0.5152
5	170	0.5274
5	171	0.505
5	176	0.5141
5	192	0.5032
5	226	0.515
5	249	0.5049
5	263	0.5109
5	268	0.5237
5	274	0.5628
5	284	0.5224
6	6	1
6	14	0.7848
6	17	0.7657
6	36	0.6652
6	64	0.6467
6	73	0.5243
6	87	0.5303
6	102	0.8069
6	114	0.6413
6	117	0.5796
6	131	0.5816
6	150	0.6805
6	169	0.5508
6	180	0.5416
6	199	0.5799
6	203	0.5337
6	214	0.5381
6	215	0.721
6	228	0.8631
6	231	0.5325
6	253	0.721
6	279	0.5218
6	281	0.7848
6	286	0.6318
7	1	0.5104
7	7	1
7	27	0.5696
7	32	0.5581
7	33	0.5653
7	52	0.6234
7	69	0.5644
7	80	0.5469
7	82	0.5882
7	98	0.5378
7	118	0.5096
7	148	0.6166
7	155	0.5269
7	157	0.5508
7	158	0.5101
7	159	0.5096
7	162	0.5101
7	165	0.5384
7	179	0.5098
7	187	0.5111
7	201	0.6354
7	204	0.5816
7	208	0.5184
7	210	0.5551
7	214	0.5471
7	218	0.5243
7	225	0.5224
7	229	0.518
7	257	0.5075
7	260	0.5983
7	274	0.5138
7	280	0.5101
7	287	0.6246
7	289	0.5274
7	307	0.5107
8	7	0.5144
8	8	1
8	11	0.5286
8	16	0.5152
8	24	0.7434
8	35	0.5876
8	41	0.5165
8	42	0.5165
8	45	0.5172
8	48	0.5623
8	72	0.5236
8	74	0.5303
8	75	0.5409
8	83	0.5274
8	84	0.62
8	88	0.5909
8	96	0.6694
8	106	0.5419
8	107	0.5381
8	110	0.6957
8	115	0.5243
8	118	0.5136
8	121	0.5303
8	129	0.5193
8	137	0.5165
8	146	0.5146
8	173	0.5319
8	177	0.7489
8	186	0.5172
8	191	0.5165
8	200	0.5931
8	208	0.5107
8	216	0.5212
8	225	0.5314
8	258	0.5293
8	267	0.7261
8	271	0.682
8	273	0.5218
8	276	0.6432
8	278	0.6463
8	283	0.5118
8	289	0.5355
8	294	0.6961
8	299	0.6879
8	301	0.5155
8	304	0.5446
8	306	0.676
8	310	0.5149
9	5	0.5113
9	9	1
9	63	0.5816
9	87	0.5141
9	92	0.5607
9	100	0.5093
9	109	0.5197
9	144	0.5537
9	154	0.5152
9	248	0.5337
9	249	0.5537
10	10	1
10	239	0.5172
11	8	0.5286
11	11	1
11	24	0.5965
11	27	0.5212
11	45	0.5172
11	48	0.5772
11	52	0.6049
11	53	0.5251
11	65	0.5152
11	66	0.5274
11	69	0.5671
11	71	0.5266
11	75	0.592
11	84	0.5329
11	96	0.5593
11	103	0.5274
11	106	0.6062
11	110	0.5732
11	125	0.563
11	132	0.5131
11	136	0.5251
11	140	0.6524
11	155	0.5218
11	157	0.5429
11	172	0.592
11	177	0.5563
11	200	0.583
11	201	0.5836
11	206	0.6193
11	229	0.5104
11	233	0.5391
11	248	0.5131
11	252	0.5104
11	260	0.5224
11	267	0.5595
11	271	0.5236
11	276	0.5425
11	278	0.5462
11	287	0.5645
11	294	0.5502
11	299	0.5525
11	301	0.5444
11	304	0.6168
11	306	0.5657
11	314	0.5218
11	315	0.5314
12	12	1
12	153	0.5983
12	182	0.6234
12	212	0.6234
12	220	0.6234
12	251	0.5983
13	13	1
13	56	0.5816
13	128	0.5607
13	171	0.7489
13	216	0.5243
13	234	0.6234
13	252	0.5314
14	6	0.7848
14	14	1
14	17	0.7238
14	23	0.5293
14	36	0.7296
14	58	0.5627
14	64	0.7057
14	73	0.5397
14	87	0.5251
14	102	0.7932
14	114	0.723
14	117	0.607
14	131	0.6062
14	150	0.7489
14	180	0.5325
14	184	0.6055
14	199	0.6041
14	203	0.5274
14	213	0.5314
14	214	0.5303
14	215	0.8884
14	226	0.5126
14	228	0.7803
14	231	0.5266
14	253	0.6944
14	281	0.6987
14	286	0.7322
15	15	1
15	17	0.5416
15	58	0.5722
15	72	0.5188
15	120	0.9544
15	169	0.5457
15	205	0.5351
15	207	0.5581
15	244	0.6485
15	245	0.523
15	281	0.5435
15	289	0.5172
16	16	1
16	26	0.5093
16	156	0.5314
16	160	0.5069
16	282	0.5101
17	6	0.7657
17	14	0.7238
17	15	0.5416
17	17	1
17	36	0.6952
17	58	0.5789
17	64	0.676
17	73	0.5172
17	87	0.5243
17	94	0.5325
17	102	0.7769
17	114	0.7155
17	117	0.6179
17	119	0.5158
17	120	0.5397
17	131	0.616
17	145	0.5586
17	150	0.7699
17	169	0.5816
17	180	0.5314
17	184	0.6257
17	199	0.6138
17	203	0.5266
17	207	0.6095
17	214	0.5293
17	215	0.7162
17	228	0.8117
17	231	0.5258
17	242	0.5152
17	253	0.8678
17	264	0.5293
17	281	0.8523
17	286	0.6805
17	303	0.5457
17	312	0.5717
17	313	0.5314
18	18	1
18	22	0.5224
18	29	0.5126
18	52	0.5293
18	57	0.5158
18	68	0.5172
18	69	0.5537
18	73	0.5141
18	81	0.5172
18	108	0.5218
18	138	0.5293
18	140	0.5419
18	148	0.5184
18	155	0.5409
18	156	0.5909
18	157	0.5473
18	163	0.5152
18	165	0.5664
18	174	0.5648
18	196	0.574
18	214	0.5251
18	222	0.5299
18	235	0.5158
18	239	0.5623
18	245	0.5146
19	4	0.5152
19	5	0.5139
19	19	1
19	32	0.5191
19	46	0.6313
19	49	0.6874
19	55	0.5122
19	59	0.7489
19	71	0.574
19	79	0.5481
19	80	0.5953
19	94	0.5224
19	97	0.6938
19	110	0.5321
19	121	0.5343
19	127	0.5607
19	130	0.5146
19	137	0.5158
19	141	0.7109
19	146	0.5141
19	163	0.5422
19	170	0.5827
19	185	0.5131
19	194	0.5141
19	204	0.5329
19	232	0.5892
19	246	0.5648
19	247	0.5648
19	263	0.5983
19	264	0.5207
19	280	0.5314
19	313	0.5346
19	314	0.5469
20	20	1
20	56	0.5816
20	166	0.7322
20	178	0.7718
20	222	0.592
20	252	0.6751
20	272	0.7261
20	295	0.5397
21	1	0.5092
21	2	0.7024
21	6	0.5258
21	14	0.5411
21	15	0.5252
21	17	0.5465
21	21	1
21	23	0.5035
21	30	0.5035
21	36	0.6083
21	38	0.5036
21	39	0.8676
21	43	0.9097
21	47	0.8082
21	51	0.894
21	58	0.612
21	64	0.6113
21	77	0.5255
21	92	0.5026
21	114	0.6036
21	117	0.7076
21	120	0.5306
21	122	0.5837
21	126	0.5321
21	129	0.5218
21	131	0.7326
21	145	0.9252
21	150	0.5843
21	151	0.6329
21	152	0.5031
21	169	0.5664
21	181	0.5184
21	184	0.7038
21	189	0.6085
21	198	0.5481
21	199	0.6998
21	205	0.6413
21	207	0.5882
21	210	0.5207
21	213	0.5036
21	215	0.545
21	222	0.5203
21	236	0.5261
21	237	0.5035
21	241	0.5034
21	243	0.516
21	244	0.5035
21	253	0.5566
21	255	0.8678
21	279	0.5531
21	281	0.547
21	286	0.6077
21	298	0.5786
21	303	0.5378
21	311	0.5702
21	312	0.6364
22	18	0.5224
22	22	1
22	29	0.5258
22	69	0.5508
22	72	0.574
22	118	0.5152
22	122	0.5512
22	129	0.62
22	140	0.5308
22	148	0.5274
22	152	0.5136
22	155	0.5522
22	165	0.6294
22	181	0.5569
22	183	0.7389
22	187	0.5188
22	198	0.588
22	201	0.5451
22	206	0.5856
22	229	0.5114
22	230	0.5165
22	248	0.5325
22	283	0.5131
22	287	0.5322
22	298	0.5574
22	302	0.5158
22	310	0.5158
22	311	0.5528
23	23	1
23	213	0.6234
24	8	0.7434
24	11	0.5965
24	22	0.5314
24	24	1
24	35	0.5563
24	41	0.5098
24	42	0.5224
24	45	0.5101
24	48	0.613
24	52	0.5687
24	65	0.5093
24	69	0.5239
24	71	0.518
24	72	0.5263
24	74	0.5314
24	75	0.5743
24	83	0.5337
24	84	0.6475
24	88	0.5576
24	89	0.5197
24	96	0.6849
24	98	0.5197
24	106	0.5816
24	107	0.5288
24	110	0.6616
24	115	0.5262
24	118	0.5086
24	121	0.5425
24	125	0.5653
24	129	0.5595
24	132	0.5083
24	136	0.5274
24	137	0.5098
24	140	0.5746
24	146	0.509
24	155	0.5248
24	157	0.5218
24	165	0.5359
24	166	0.5072
24	172	0.5772
24	173	0.5323
24	177	0.7314
24	178	0.5081
24	181	0.5471
24	183	0.5373
24	187	0.5098
24	191	0.5098
24	194	0.509
24	200	0.616
24	201	0.5703
24	206	0.588
24	225	0.5202
24	233	0.5119
24	250	0.5081
24	260	0.5351
24	267	0.7041
24	271	0.6206
24	272	0.5083
24	276	0.6652
24	278	0.6779
24	287	0.5524
24	289	0.5351
24	294	0.6166
24	299	0.7162
24	301	0.5343
24	304	0.5944
24	306	0.6614
24	315	0.5202
25	25	1
26	16	0.5093
26	26	1
26	67	0.5069
26	104	0.5069
26	109	0.5067
26	115	0.5188
26	139	0.5121
26	159	0.5086
26	160	0.7695
26	161	0.5088
26	164	0.5274
26	192	0.5055
26	209	0.5101
26	223	0.5469
26	241	0.5088
26	243	0.5129
26	261	0.507
26	274	0.5079
26	282	0.9632
26	292	0.5141
27	7	0.5696
27	27	1
27	32	0.5481
27	33	0.5668
27	69	0.5444
27	82	0.5351
27	98	0.5796
27	140	0.5331
27	148	0.5299
27	157	0.5481
27	165	0.5306
27	201	0.5687
27	204	0.5258
27	210	0.545
27	214	0.5258
27	225	0.5188
27	229	0.5465
27	274	0.5175
27	287	0.5914
27	289	0.5274
28	28	1
28	78	0.6652
29	1	0.5258
29	18	0.5126
29	22	0.5258
29	29	1
29	31	0.6281
29	74	0.5218
29	109	0.5141
29	138	0.5558
29	156	0.5172
29	183	0.5351
29	222	0.5093
29	224	0.5782
29	230	0.6652
29	239	0.5251
29	240	0.5218
29	242	0.5152
29	290	0.5197
29	310	0.5664
30	30	1
30	74	0.5537
30	165	0.5303
31	29	0.6281
31	31	1
31	37	0.5158
31	50	0.5158
31	67	0.5126
31	74	0.518
31	76	0.5325
31	99	0.5165
31	100	0.5119
31	104	0.5126
31	109	0.5122
31	123	0.5158
31	138	0.5136
31	139	0.5142
31	224	0.5671
31	226	0.5243
31	230	0.5892
31	232	0.5146
31	240	0.518
31	261	0.5131
31	274	0.5314
31	310	0.5607
32	3	0.5077
32	7	0.5581
32	19	0.5191
32	27	0.5481
32	32	1
32	33	0.7534
32	80	0.5357
32	82	0.7087
32	124	0.5158
32	144	0.5081
32	148	0.5251
32	151	0.5317
32	188	0.5074
32	189	0.5232
32	204	0.5574
32	210	0.8904
32	219	0.5081
32	227	0.5077
32	229	0.5234
32	232	0.5065
32	236	0.512
32	237	0.5081
32	263	0.5263
32	274	0.5172
32	277	0.5072
32	287	0.5626
33	7	0.5653
33	27	0.5668
33	32	0.7534
33	33	1
33	82	0.6846
33	124	0.5081
33	151	0.529
33	188	0.509
33	204	0.5253
33	210	0.7617
33	214	0.5253
33	219	0.5101
33	227	0.5096
33	229	0.5381
33	230	0.5122
33	232	0.5079
33	274	0.5188
33	277	0.5088
33	287	0.5622
33	307	0.5101
33	310	0.5118
34	34	1
34	61	0.5816
34	94	0.5243
34	103	0.5816
34	136	0.5293
34	143	0.5274
34	190	0.6234
34	263	0.5397
34	264	0.5207
34	270	0.6055
34	275	0.7489
34	284	0.506
34	285	0.5165
34	313	0.523
35	8	0.5876
35	24	0.5563
35	35	1
35	41	0.5607
35	53	0.5243
35	57	0.5314
35	61	0.5537
35	68	0.6348
35	81	0.5365
35	83	0.5279
35	84	0.5852
35	88	0.9282
35	89	0.5365
35	96	0.5607
35	110	0.5852
35	142	0.5537
35	146	0.5435
35	173	0.5481
35	177	0.5782
35	200	0.5416
35	258	0.6805
35	267	0.5607
35	271	0.6095
35	276	0.5751
35	278	0.574
35	288	0.5607
35	290	0.5696
35	294	0.5648
35	299	0.5909
35	306	0.6036
35	315	0.5397
36	2	0.5475
36	6	0.6652
36	14	0.7296
36	15	0.5293
36	17	0.6952
36	21	0.6083
36	23	0.5172
36	32	0.52
36	33	0.523
36	36	1
36	39	0.6073
36	43	0.625
36	47	0.6215
36	51	0.6109
36	58	0.7246
36	64	0.9442
36	73	0.5122
36	77	0.5481
36	87	0.5193
36	102	0.6364
36	114	0.8961
36	117	0.7322
36	120	0.5283
36	122	0.5422
36	126	0.5517
36	131	0.7188
36	145	0.622
36	150	0.8207
36	151	0.5849
36	169	0.595
36	176	0.5188
36	180	0.5236
36	184	0.6952
36	189	0.5529
36	198	0.5321
36	199	0.7145
36	203	0.5207
36	205	0.5789
36	207	0.676
36	210	0.5262
36	213	0.518
36	214	0.5224
36	215	0.6987
36	228	0.6467
36	231	0.5202
36	242	0.5111
36	253	0.676
36	255	0.6204
36	279	0.5258
36	281	0.7296
36	286	0.8996
36	303	0.5498
36	312	0.7047
37	31	0.5158
37	37	1
37	67	0.7637
37	76	0.5772
37	104	0.7637
37	115	0.5623
37	123	0.5243
37	143	0.5435
37	259	0.523
37	261	0.7342
38	38	1
38	202	0.7489
38	236	0.5165
38	237	0.6234
38	279	0.5314
39	1	0.5116
39	2	0.6998
39	15	0.5309
39	17	0.5355
39	21	0.8676
39	23	0.5048
39	36	0.6073
39	38	0.5049
39	39	1
39	43	0.8898
39	47	0.8197
39	51	0.873
39	58	0.6374
39	64	0.6109
39	72	0.516
39	77	0.5314
39	92	0.5035
39	114	0.602
39	117	0.6877
39	120	0.5375
39	122	0.5914
39	126	0.5397
39	129	0.5202
39	131	0.7521
39	133	0.504
39	145	0.8676
39	149	0.5043
39	150	0.5795
39	151	0.6234
39	152	0.5042
39	169	0.5816
39	176	0.5139
39	184	0.678
39	189	0.5965
39	198	0.5511
39	199	0.6728
39	205	0.6826
39	207	0.5997
39	211	0.504
39	213	0.5049
39	215	0.5342
39	222	0.5296
39	236	0.5252
39	237	0.5048
39	241	0.5045
39	243	0.519
39	244	0.5048
39	253	0.5475
39	255	0.846
39	279	0.536
39	281	0.536
39	286	0.6068
39	298	0.5859
39	303	0.5467
39	311	0.5759
39	312	0.6676
40	5	0.5435
40	23	0.5104
40	40	1
40	42	0.5107
40	46	0.5887
40	49	0.5657
40	54	0.5337
40	59	0.5155
40	79	0.5543
40	80	0.5742
40	83	0.5525
40	86	0.5101
40	97	0.5211
40	100	0.537
40	116	0.5076
40	121	0.5394
40	125	0.5348
40	127	0.5263
40	135	0.552
40	139	0.5342
40	141	0.5158
40	154	0.5238
40	158	0.564
40	162	0.5224
40	163	0.5314
40	170	0.5858
40	172	0.5673
40	173	0.5496
40	179	0.5096
40	181	0.5176
40	194	0.5098
40	213	0.5107
40	230	0.52
40	232	0.5299
40	242	0.5075
40	247	0.5618
40	268	0.545
40	274	0.519
40	284	0.5085
40	300	0.5079
40	307	0.5104
40	310	0.5194
41	35	0.5607
41	41	1
41	88	0.5696
41	258	0.5537
41	271	0.5293
41	300	0.5337
42	42	1
42	50	0.5435
42	53	0.5751
42	60	0.5696
42	89	0.6413
42	129	0.5188
42	136	0.5337
42	181	0.5293
42	216	0.523
42	273	0.5243
42	285	0.518
42	315	0.5696
43	1	0.5109
43	2	0.7131
43	6	0.5301
43	14	0.5475
43	15	0.5227
43	17	0.5537
43	21	0.9097
43	23	0.5044
43	36	0.625
43	38	0.5045
43	39	0.8898
43	43	1
43	47	0.7848
43	51	0.8657
43	58	0.63
43	64	0.6281
43	72	0.5212
43	77	0.5297
43	92	0.5032
43	102	0.5281
43	114	0.6189
43	117	0.7301
43	120	0.5289
43	122	0.5935
43	126	0.5305
43	129	0.5193
43	131	0.7678
43	133	0.5037
43	145	0.9097
43	149	0.5039
43	150	0.5971
43	151	0.6361
43	152	0.5039
43	169	0.5772
43	176	0.5133
43	184	0.7076
43	189	0.6095
43	198	0.5614
43	199	0.7033
43	205	0.6599
43	207	0.5944
43	211	0.5037
43	213	0.5045
43	215	0.5517
43	222	0.523
43	228	0.5289
43	236	0.5186
43	237	0.5044
43	241	0.5106
43	243	0.5182
43	253	0.5652
43	255	0.8494
43	279	0.5408
43	281	0.5544
43	286	0.6234
43	298	0.5883
43	303	0.5441
43	311	0.5784
43	312	0.6586
44	3	0.5607
44	44	1
44	57	0.6485
44	60	0.6413
44	68	0.5481
44	76	0.5314
44	81	0.6095
44	109	0.523
44	130	0.6652
44	168	0.6524
44	176	0.5152
44	180	0.523
44	193	0.5983
44	229	0.5258
44	235	0.6485
44	259	0.5337
44	269	0.5188
44	271	0.5258
44	290	0.5397
45	45	1
45	74	0.5696
45	75	0.5397
45	306	0.5293
46	4	0.5046
46	5	0.5316
46	19	0.6313
46	26	0.5114
46	32	0.5197
46	38	0.5047
46	40	0.5887
46	46	1
46	49	0.7718
46	54	0.52
46	59	0.6009
46	71	0.5297
46	79	0.6427
46	80	0.6987
46	82	0.5088
46	83	0.5992
46	86	0.5045
46	94	0.5215
46	97	0.5972
46	100	0.527
46	121	0.6156
46	124	0.5101
46	125	0.5435
46	127	0.5463
46	130	0.5045
46	135	0.5735
46	137	0.5047
46	139	0.52
46	141	0.5944
46	146	0.5044
46	148	0.518
46	156	0.5039
46	158	0.5044
46	160	0.5101
46	163	0.5667
46	170	0.6923
46	172	0.5572
46	173	0.5711
46	188	0.5107
46	194	0.518
46	204	0.5268
46	225	0.5043
46	227	0.5111
46	230	0.5125
46	232	0.5501
46	235	0.5041
46	237	0.5046
46	246	0.537
46	247	0.6283
46	263	0.5305
46	265	0.5045
46	268	0.5688
46	280	0.518
46	282	0.5118
46	284	0.5096
46	300	0.5098
46	314	0.5463
47	2	0.6475
47	15	0.5298
47	21	0.8082
47	23	0.5064
47	30	0.5064
47	32	0.518
47	36	0.6215
47	38	0.5065
47	39	0.8197
47	43	0.7848
47	47	1
47	51	0.8613
47	58	0.6485
47	64	0.6253
47	77	0.5391
47	82	0.5061
47	114	0.6143
47	117	0.6586
47	120	0.5378
47	122	0.5862
47	124	0.5054
47	126	0.5498
47	131	0.718
47	145	0.7569
47	150	0.5791
47	151	0.5857
47	169	0.5915
47	184	0.6364
47	189	0.5625
47	198	0.546
47	199	0.6449
47	205	0.7082
47	207	0.6032
47	210	0.5274
47	213	0.5065
47	215	0.5337
47	222	0.5351
47	236	0.5301
47	237	0.5064
47	253	0.5496
47	255	0.8125
47	279	0.5617
47	286	0.6199
47	298	0.5796
47	303	0.549
47	311	0.5688
47	312	0.7093
48	8	0.5623
48	9	0.5188
48	11	0.5772
48	24	0.613
48	27	0.5118
48	29	0.5136
48	41	0.5243
48	42	0.5243
48	45	0.5258
48	48	1
48	52	0.5574
48	53	0.5325
48	74	0.5935
48	75	0.5537
48	84	0.5569
48	86	0.5218
48	88	0.5197
48	93	0.523
48	96	0.5713
48	105	0.5207
48	106	0.5381
48	110	0.574
48	121	0.5325
48	129	0.5375
48	136	0.5325
48	138	0.5314
48	140	0.5642
48	158	0.5207
48	165	0.5314
48	177	0.5696
48	181	0.5481
48	200	0.5427
48	201	0.5413
48	206	0.5637
48	208	0.5141
48	225	0.5197
48	230	0.5184
48	239	0.5365
48	267	0.5581
48	271	0.5303
48	276	0.5375
48	278	0.5425
48	287	0.529
48	289	0.5283
48	294	0.5337
48	299	0.5494
48	304	0.5397
48	306	0.5648
48	315	0.5435
49	4	0.5083
49	5	0.5351
49	19	0.6874
49	40	0.5657
49	46	0.7718
49	49	1
49	54	0.5293
49	59	0.6305
49	71	0.5462
49	79	0.5927
49	80	0.7377
49	83	0.5537
49	97	0.6113
49	100	0.5221
49	121	0.5828
49	127	0.5498
49	130	0.5081
49	135	0.5537
49	137	0.5086
49	139	0.5175
49	141	0.6331
49	148	0.5182
49	155	0.5141
49	156	0.5067
49	163	0.607
49	170	0.6204
49	171	0.5086
49	173	0.5515
49	194	0.5184
49	204	0.5308
49	225	0.5077
49	232	0.5558
49	246	0.5283
49	247	0.6467
49	263	0.5481
49	265	0.5081
49	268	0.5553
49	270	0.5065
49	274	0.5074
49	280	0.5293
49	300	0.5155
49	314	0.5404
50	31	0.5158
50	42	0.5435
50	50	1
50	53	0.5457
50	54	0.6944
50	59	0.5146
50	60	0.5435
50	66	0.5243
50	76	0.5218
50	89	0.5293
50	107	0.6113
50	128	0.5274
50	138	0.5435
50	143	0.5435
50	185	0.5293
50	216	0.5351
50	224	0.5197
50	226	0.5325
50	259	0.523
50	264	0.5158
50	273	0.6652
50	276	0.5303
50	285	0.6524
51	1	0.5111
51	2	0.6734
51	14	0.5346
51	15	0.523
51	17	0.5408
51	21	0.894
51	23	0.5045
51	30	0.5045
51	32	0.5195
51	33	0.5163
51	36	0.6109
51	38	0.5046
51	39	0.873
51	43	0.8657
51	47	0.8613
51	51	1
51	58	0.6318
51	64	0.6142
51	77	0.5301
51	92	0.5033
51	108	0.5046
51	114	0.6055
51	117	0.673
51	120	0.5293
51	122	0.5888
51	124	0.5039
51	126	0.5381
51	129	0.5195
51	131	0.7521
51	133	0.5038
51	145	0.8379
51	149	0.504
51	150	0.5836
51	151	0.609
51	152	0.5039
51	156	0.5038
51	169	0.5705
51	176	0.5134
51	184	0.6723
51	189	0.5779
51	198	0.543
51	199	0.6671
51	205	0.6616
51	207	0.6036
51	210	0.5277
51	211	0.5038
51	213	0.5046
51	215	0.5393
51	222	0.5232
51	236	0.5299
51	237	0.5045
51	243	0.5131
51	253	0.5523
51	255	0.9153
51	279	0.5623
51	281	0.5413
51	286	0.6101
51	298	0.5774
51	303	0.5447
51	311	0.5737
51	312	0.6607
52	1	0.5077
52	7	0.6234
52	8	0.5266
52	11	0.6049
52	18	0.5293
52	22	0.52
52	24	0.5687
52	27	0.5214
52	33	0.5158
52	45	0.5083
52	48	0.5574
52	52	1
52	65	0.5077
52	69	0.5481
52	74	0.5168
52	75	0.5642
52	82	0.5351
52	84	0.5293
52	86	0.5077
52	96	0.5644
52	98	0.5177
52	99	0.5069
52	106	0.5898
52	110	0.5555
52	132	0.507
52	138	0.5146
52	140	0.6603
52	148	0.606
52	155	0.5876
52	156	0.5064
52	157	0.5378
52	158	0.5176
52	162	0.5075
52	165	0.5803
52	172	0.5952
52	174	0.5146
52	177	0.5283
52	179	0.5074
52	187	0.5188
52	200	0.5463
52	201	0.6691
52	206	0.6331
52	208	0.5146
52	218	0.5184
52	222	0.518
52	225	0.5074
52	233	0.5148
52	239	0.5197
52	243	0.5114
52	248	0.507
52	257	0.5059
52	260	0.6002
52	267	0.5289
52	274	0.5073
52	276	0.5279
52	280	0.5075
52	287	0.6395
52	294	0.5337
52	299	0.527
52	301	0.5172
52	304	0.6144
52	306	0.5404
52	307	0.5079
53	37	0.5207
53	42	0.5751
53	50	0.5457
53	53	1
53	54	0.545
53	57	0.5218
53	60	0.6413
53	61	0.5314
53	66	0.5732
53	67	0.5158
53	68	0.5243
53	71	0.5197
53	76	0.5664
53	79	0.5674
53	81	0.5243
53	84	0.5303
53	89	0.7683
53	103	0.5207
53	104	0.5158
53	107	0.5522
53	119	0.5172
53	123	0.5732
53	136	0.5397
53	143	0.6413
53	168	0.518
53	170	0.5288
53	246	0.5587
53	258	0.523
53	261	0.5165
53	269	0.5465
53	273	0.5517
53	285	0.5266
53	288	0.5337
53	290	0.5218
53	314	0.5325
53	315	0.592
54	40	0.5337
54	49	0.5293
54	50	0.6944
54	53	0.545
54	54	1
54	60	0.5274
54	79	0.537
54	97	0.5286
54	100	0.5081
54	101	0.5197
54	107	0.6395
54	123	0.5141
54	128	0.5152
54	138	0.5274
54	143	0.5435
54	170	0.5251
54	175	0.5165
54	185	0.5558
54	216	0.5522
54	224	0.5274
54	226	0.5793
54	247	0.5329
54	269	0.5355
54	273	0.6883
54	274	0.5167
54	285	0.6751
55	55	1
55	59	0.5152
55	141	0.5351
55	175	0.5337
55	219	0.5435
55	224	0.5207
55	238	0.5892
56	13	0.5816
56	20	0.5816
56	56	1
56	86	0.5537
56	124	0.5293
56	128	0.6348
56	166	0.5537
56	171	0.5696
56	178	0.5751
56	197	0.5481
56	208	0.5243
56	216	0.5416
56	222	0.5274
56	234	0.7131
56	252	0.6548
56	272	0.5816
56	310	0.5104
57	3	0.5365
57	18	0.5158
57	35	0.5314
57	44	0.6485
57	57	1
57	60	0.6751
57	61	0.5435
57	68	0.6138
57	81	0.7992
57	89	0.5314
57	109	0.518
57	130	0.5892
57	164	0.5114
57	168	0.6456
57	174	0.5207
57	180	0.518
57	193	0.5481
57	235	0.8174
57	240	0.5314
57	258	0.5293
57	288	0.5481
57	290	0.6413
57	296	0.5481
58	2	0.564
58	14	0.5627
58	15	0.5722
58	17	0.5789
58	21	0.612
58	23	0.5197
58	33	0.5152
58	36	0.7246
58	39	0.6374
58	43	0.63
58	47	0.6485
58	51	0.6318
58	58	1
58	64	0.7047
58	77	0.5537
58	114	0.6792
58	117	0.6835
58	120	0.5696
58	122	0.5617
58	126	0.5581
58	131	0.7028
58	145	0.612
58	150	0.6308
58	151	0.5804
58	169	0.6281
58	184	0.6451
58	189	0.5474
58	198	0.5623
58	199	0.659
58	205	0.5931
58	207	0.6485
58	210	0.5197
58	213	0.5207
58	215	0.5553
58	242	0.5122
58	253	0.5892
58	255	0.625
58	281	0.5816
58	286	0.6879
58	298	0.5595
58	303	0.5782
58	311	0.5457
58	312	0.8027
59	4	0.5197
59	5	0.521
59	19	0.7489
59	46	0.6009
59	49	0.6305
59	50	0.5146
59	55	0.5152
59	59	1
59	71	0.5696
59	80	0.595
59	97	0.8494
59	100	0.5082
59	127	0.5892
59	130	0.5188
59	137	0.5207
59	141	0.8535
59	163	0.5146
59	170	0.5729
59	185	0.5165
59	204	0.5537
59	232	0.6586
59	246	0.5337
59	247	0.5337
59	263	0.5337
59	284	0.5043
59	313	0.5258
59	314	0.5251
60	3	0.5258
60	31	0.5136
60	42	0.5696
60	44	0.6413
60	50	0.5435
60	53	0.6413
60	54	0.5274
60	57	0.6751
60	60	1
60	61	0.5293
60	66	0.5696
60	68	0.5508
60	71	0.5188
60	76	0.5892
60	79	0.5496
60	81	0.6548
60	84	0.5293
60	89	0.616
60	103	0.5197
60	107	0.5365
60	109	0.5146
60	123	0.5435
60	130	0.5607
60	136	0.5607
60	143	0.5365
60	164	0.5106
60	168	0.6413
60	193	0.5314
60	229	0.5158
60	233	0.5152
60	235	0.6374
60	240	0.523
60	258	0.5218
60	259	0.5188
60	269	0.5283
60	273	0.5498
60	285	0.5258
60	288	0.5314
60	290	0.5732
60	315	0.5537
61	34	0.5816
61	35	0.5537
61	53	0.5314
61	57	0.5435
61	60	0.5293
61	61	1
61	68	0.5537
61	81	0.5537
61	89	0.5537
61	143	0.5293
61	190	0.6652
61	258	0.5481
61	270	0.5314
61	285	0.5172
61	288	0.6234
61	290	0.5435
61	314	0.523
61	315	0.5607
62	62	1
62	85	0.7489
62	91	0.6234
62	134	0.6652
62	153	0.7489
62	161	0.5696
62	196	0.5243
62	212	0.8326
62	220	0.8326
62	229	0.5293
62	230	0.5126
62	296	0.6652
63	9	0.5816
63	63	1
63	87	0.5141
63	92	0.5381
63	111	0.5293
63	248	0.5337
64	2	0.5457
64	6	0.6467
64	14	0.7057
64	15	0.5266
64	17	0.676
64	21	0.6113
64	23	0.5152
64	32	0.5191
64	33	0.5218
64	36	0.9442
64	39	0.6109
64	43	0.6281
64	47	0.6253
64	51	0.6142
64	58	0.7047
64	64	1
64	73	0.5111
64	77	0.5435
64	87	0.518
64	102	0.6234
64	114	0.9481
64	117	0.7329
64	120	0.5258
64	122	0.5403
64	126	0.5465
64	131	0.7489
64	145	0.6389
64	150	0.8159
64	151	0.5816
64	169	0.5865
64	176	0.5176
64	180	0.5218
64	184	0.697
64	189	0.5508
64	198	0.5299
64	199	0.7158
64	203	0.5193
64	205	0.5842
64	207	0.6603
64	210	0.5251
64	213	0.5158
64	215	0.7018
64	228	0.6318
64	231	0.5188
64	242	0.5101
64	253	0.6603
64	255	0.6234
64	279	0.5236
64	281	0.7057
64	283	0.5114
64	286	0.9498
64	303	0.545
64	312	0.6879
65	65	1
65	75	0.5314
65	222	0.5131
65	260	0.523
65	304	0.5416
65	310	0.5111
66	31	0.5158
66	50	0.5243
66	53	0.5732
66	60	0.5696
66	66	1
66	71	0.523
66	76	0.5772
66	79	0.5708
66	89	0.5293
66	99	0.5258
66	103	0.5243
66	107	0.5409
66	123	0.5243
66	135	0.5218
66	141	0.5337
66	143	0.5696
66	194	0.5337
66	204	0.5158
66	232	0.5218
66	233	0.5158
66	246	0.5293
66	247	0.5465
66	259	0.523
66	268	0.523
66	273	0.5165
66	300	0.5457
66	314	0.5581
66	315	0.5696
67	3	0.523
67	26	0.5069
67	31	0.5126
67	37	0.7637
67	67	1
67	76	0.5581
67	104	1
67	113	0.5188
67	115	0.5537
67	123	0.518
67	143	0.5337
67	159	0.5207
67	240	0.5207
67	248	0.5435
67	261	0.9686
68	18	0.5172
68	35	0.6348
68	44	0.5481
68	53	0.5243
68	57	0.6138
68	60	0.5508
68	61	0.5537
68	68	1
68	76	0.5258
68	81	0.5816
68	88	0.5892
68	89	0.5365
68	109	0.5197
68	111	0.5293
68	142	0.6234
68	146	0.5435
68	168	0.5243
68	174	0.523
68	229	0.5218
68	235	0.5314
68	239	0.5146
68	240	0.5365
68	258	0.6234
68	259	0.5274
68	269	0.5365
68	288	0.5607
68	290	0.6652
68	296	0.5607
68	315	0.5397
69	7	0.5644
69	11	0.5671
69	18	0.5537
69	22	0.5508
69	27	0.5444
69	30	0.5098
69	52	0.5481
69	67	0.507
69	69	1
69	82	0.5074
69	98	0.5528
69	104	0.507
69	118	0.5088
69	122	0.5469
69	125	0.5337
69	140	0.5522
69	152	0.5081
69	156	0.5077
69	157	0.7003
69	158	0.5093
69	162	0.5093
69	165	0.6234
69	172	0.5431
69	179	0.509
69	181	0.5168
69	183	0.5172
69	185	0.5202
69	194	0.5093
69	196	0.5158
69	200	0.5441
69	201	0.5593
69	206	0.5599
69	214	0.5444
69	225	0.509
69	229	0.5168
69	233	0.5348
69	239	0.5314
69	243	0.5293
69	248	0.5314
69	250	0.5083
69	260	0.5258
69	261	0.5072
69	287	0.5528
69	289	0.5258
69	301	0.5194
69	302	0.509
69	307	0.5098
69	311	0.5346
70	70	1
70	87	0.6385
70	154	0.5152
70	203	0.6577
70	217	0.5481
70	231	0.6507
70	297	0.5274
71	4	0.5365
71	19	0.574
71	27	0.5152
71	46	0.5297
71	49	0.5462
71	59	0.5696
71	66	0.523
71	71	1
71	76	0.5207
71	89	0.5274
71	96	0.5537
71	97	0.5522
71	103	0.523
71	113	0.5243
71	137	0.5892
71	141	0.5517
71	155	0.5158
71	233	0.5157
71	247	0.545
71	259	0.5218
71	263	0.5243
71	267	0.5306
71	315	0.5293
72	15	0.5188
72	22	0.574
72	72	1
72	73	0.5172
72	74	0.5218
72	120	0.518
72	121	0.5383
72	122	0.5684
72	129	0.592
72	165	0.5337
72	181	0.5983
72	183	0.5558
72	198	0.6318
72	208	0.5158
72	225	0.523
72	243	0.5224
72	244	0.5274
72	245	0.518
72	259	0.5397
72	279	0.5351
72	289	0.5141
72	298	0.5782
72	311	0.5709
73	6	0.5243
73	14	0.5397
73	18	0.5141
73	72	0.5172
73	73	1
73	90	0.5365
73	102	0.5416
73	108	0.5365
73	156	0.5197
73	179	0.5274
73	196	0.5337
73	208	0.518
73	214	0.5517
73	215	0.5337
73	226	0.5136
74	8	0.5303
74	29	0.5218
74	30	0.5537
74	31	0.518
74	45	0.5696
74	48	0.5935
74	72	0.5218
74	74	1
74	96	0.5435
74	110	0.5381
74	127	0.5188
74	129	0.5537
74	138	0.5816
74	168	0.5243
74	181	0.6095
74	183	0.523
74	208	0.523
74	224	0.523
74	225	0.5397
74	239	0.5325
74	259	0.5274
74	290	0.5314
74	306	0.5457
75	8	0.5409
75	11	0.592
75	24	0.5743
75	45	0.5397
75	48	0.5537
75	52	0.5642
75	65	0.5314
75	74	0.5258
75	75	1
75	84	0.5696
75	96	0.5839
75	106	0.5983
75	110	0.6138
75	125	0.5321
75	127	0.5152
75	136	0.5416
75	140	0.5727
75	172	0.5529
75	177	0.5648
75	200	0.5593
75	201	0.5375
75	206	0.5412
75	218	0.5337
75	224	0.518
75	250	0.523
75	267	0.5299
75	271	0.5381
75	276	0.5627
75	278	0.5494
75	294	0.5397
75	299	0.5587
75	301	0.5212
75	304	0.6331
75	306	0.5816
76	31	0.5325
76	37	0.5772
76	44	0.5314
76	50	0.5218
76	53	0.5664
76	60	0.5892
76	66	0.5772
76	67	0.5581
76	68	0.5258
76	71	0.5207
76	76	1
76	89	0.5258
76	103	0.5218
76	104	0.5581
76	107	0.5243
76	115	0.5329
76	123	0.5772
76	136	0.5664
76	141	0.5141
76	143	0.5634
76	168	0.5416
76	229	0.5172
76	233	0.5155
76	247	0.5274
76	259	0.5207
76	261	0.5607
76	270	0.5188
76	300	0.5188
76	314	0.5337
76	315	0.5274
77	18	0.5158
77	77	1
77	126	0.7261
77	154	0.5141
77	156	0.523
77	163	0.5258
77	169	0.5481
77	236	0.5126
77	303	0.5648
78	28	0.6652
78	78	1
78	101	0.6234
78	105	0.5696
78	175	0.5607
78	191	0.6234
78	273	0.523
79	5	0.5178
79	19	0.5481
79	26	0.5079
79	31	0.5175
79	37	0.5051
79	40	0.5543
79	42	0.5144
79	46	0.6427
79	49	0.5927
79	50	0.52
79	53	0.5674
79	54	0.537
79	59	0.5305
79	60	0.5496
79	66	0.5708
79	67	0.5045
79	71	0.5197
79	76	0.5348
79	79	1
79	80	0.5859
79	83	0.5769
79	86	0.5057
79	88	0.5055
79	89	0.5378
79	94	0.5327
79	97	0.5271
79	99	0.5052
79	100	0.5144
79	103	0.5124
79	104	0.5045
79	107	0.5475
79	119	0.5416
79	121	0.6034
79	123	0.5528
79	124	0.5122
79	125	0.5498
79	135	0.5441
79	139	0.5107
79	141	0.5454
79	143	0.5664
79	146	0.5218
79	148	0.5207
79	158	0.5056
79	159	0.5054
79	160	0.5069
79	163	0.5617
79	170	0.721
79	172	0.5634
79	173	0.5425
79	181	0.5258
79	188	0.5131
79	194	0.5136
79	227	0.5136
79	230	0.5145
79	233	0.5198
79	246	0.5804
79	247	0.6424
79	260	0.5251
79	261	0.5046
79	263	0.5126
79	265	0.5057
79	268	0.5388
79	269	0.5375
79	270	0.5191
79	273	0.5177
79	280	0.5391
79	282	0.5082
79	284	0.5107
79	285	0.5163
79	300	0.5118
79	313	0.5323
79	314	0.5706
79	315	0.5298
80	5	0.5236
80	7	0.5469
80	19	0.5953
80	27	0.5122
80	32	0.5357
80	40	0.5742
80	46	0.6987
80	49	0.7377
80	59	0.595
80	71	0.5226
80	79	0.5859
80	80	1
80	82	0.5241
80	83	0.5553
80	93	0.507
80	97	0.5911
80	99	0.5146
80	100	0.5121
80	105	0.5067
80	121	0.5701
80	125	0.5413
80	127	0.5617
80	130	0.5069
80	135	0.5418
80	139	0.5112
80	141	0.5967
80	148	0.5581
80	156	0.5057
80	158	0.5067
80	163	0.5926
80	170	0.6249
80	172	0.5427
80	173	0.5469
80	194	0.5158
80	201	0.5375
80	204	0.6531
80	210	0.5341
80	232	0.6002
80	246	0.5327
80	247	0.6193
80	257	0.5053
80	263	0.5146
80	265	0.5069
80	268	0.5429
80	280	0.5253
80	287	0.5288
80	289	0.5126
80	300	0.5136
80	314	0.5279
81	3	0.5435
81	18	0.5172
81	35	0.5365
81	44	0.6095
81	53	0.5243
81	57	0.7992
81	60	0.6548
81	61	0.5537
81	68	0.5816
81	81	1
81	89	0.5365
81	109	0.5197
81	116	0.5059
81	130	0.6095
81	154	0.5152
81	164	0.5118
81	168	0.6652
81	174	0.523
81	176	0.5136
81	180	0.5197
81	193	0.5607
81	235	0.7992
81	239	0.5146
81	240	0.5365
81	258	0.5337
81	288	0.5607
81	290	0.6138
82	3	0.5049
82	7	0.5882
82	27	0.5351
82	30	0.5051
82	32	0.7087
82	33	0.6846
82	52	0.5351
82	82	1
82	93	0.5124
82	144	0.5051
82	148	0.5246
82	167	0.5052
82	174	0.5041
82	185	0.5047
82	188	0.5047
82	201	0.5457
82	204	0.5351
82	208	0.517
82	210	0.7334
82	219	0.5124
82	225	0.5048
82	229	0.5233
82	237	0.5051
82	249	0.5051
82	274	0.5224
82	280	0.5049
82	287	0.5845
83	5	0.5174
83	8	0.5274
83	34	0.5131
83	35	0.5279
83	37	0.5048
83	40	0.5525
83	41	0.5056
83	42	0.5056
83	46	0.5992
83	49	0.5537
83	54	0.516
83	66	0.5266
83	67	0.5043
83	76	0.5258
83	79	0.5769
83	80	0.5553
83	83	1
83	84	0.5365
83	86	0.5054
83	88	0.5283
83	93	0.5055
83	94	0.5314
83	99	0.5049
83	100	0.5086
83	103	0.5191
83	104	0.5043
83	105	0.5053
83	121	0.5686
83	122	0.5569
83	123	0.5266
83	124	0.5116
83	125	0.5543
83	135	0.6792
83	139	0.5157
83	158	0.5053
83	163	0.5191
83	170	0.5696
83	172	0.5974
83	173	0.7001
83	183	0.5111
83	188	0.5124
83	194	0.5207
83	198	0.5418
83	200	0.5385
83	227	0.5129
83	233	0.5293
83	235	0.5049
83	247	0.5551
83	250	0.5049
83	263	0.5049
83	264	0.5167
83	265	0.5054
83	268	0.6652
83	269	0.5163
83	270	0.5327
83	271	0.5246
83	273	0.517
83	275	0.5136
83	276	0.5558
83	278	0.5775
83	292	0.5037
83	298	0.5554
83	300	0.5182
83	311	0.5471
83	314	0.5236
84	8	0.62
84	11	0.5329
84	24	0.6475
84	35	0.5852
84	41	0.5218
84	42	0.5218
84	45	0.523
84	48	0.5569
84	50	0.5152
84	52	0.5293
84	53	0.5303
84	60	0.5293
84	74	0.5172
84	75	0.5696
84	83	0.5365
84	84	1
84	88	0.5892
84	96	0.6792
84	106	0.5471
84	110	0.6437
84	115	0.5274
84	123	0.5152
84	136	0.5303
84	137	0.5218
84	166	0.5131
84	172	0.5408
84	173	0.5358
84	177	0.676
84	178	0.5158
84	200	0.6284
84	218	0.5207
84	250	0.5158
84	267	0.6154
84	271	0.6467
84	272	0.5165
84	276	0.7155
84	278	0.6697
84	294	0.6336
84	299	0.7018
84	304	0.5676
84	306	0.7489
84	315	0.518
85	62	0.7489
85	85	1
85	91	0.6652
85	134	0.7489
85	153	0.6234
85	161	0.5816
85	196	0.5258
85	212	0.6652
85	220	0.6652
85	230	0.5131
85	296	0.7489
86	56	0.5537
86	86	1
86	94	0.5243
86	158	0.5607
86	197	0.5607
86	208	0.5274
86	230	0.5118
86	310	0.5251
86	313	0.523
87	6	0.5303
87	9	0.5141
87	63	0.5141
87	70	0.6385
87	87	1
87	92	0.5093
87	109	0.5101
87	133	0.5118
87	149	0.5131
87	152	0.5283
87	192	0.5079
87	203	0.9397
87	211	0.5118
87	217	0.5158
87	228	0.5274
87	231	0.8884
87	257	0.5676
87	277	0.5303
87	284	0.5039
87	292	0.5086
87	297	0.5983
87	302	0.5146
88	8	0.5909
88	24	0.5576
88	35	0.9282
88	41	0.5696
88	68	0.5892
88	83	0.5283
88	84	0.5892
88	88	1
88	96	0.5627
88	110	0.5892
88	142	0.5607
88	146	0.5481
88	173	0.5494
88	177	0.5816
88	200	0.5425
88	258	0.6348
88	267	0.5623
88	271	0.616
88	276	0.5782
88	278	0.5763
88	290	0.5337
88	294	0.5671
88	299	0.5944
88	306	0.6095
88	315	0.5435
89	35	0.5365
89	42	0.6413
89	50	0.5293
89	53	0.7683
89	57	0.5314
89	60	0.616
89	61	0.5537
89	66	0.5293
89	68	0.5365
89	71	0.5274
89	76	0.5258
89	79	0.5378
89	81	0.5365
89	89	1
89	103	0.5293
89	107	0.545
89	123	0.5648
89	136	0.5243
89	143	0.5816
89	168	0.5243
89	181	0.5218
89	216	0.518
89	246	0.5325
89	258	0.5337
89	269	0.5365
89	273	0.5188
89	288	0.5607
89	290	0.5314
89	315	0.5892
90	73	0.5365
90	90	1
90	118	0.5607
90	128	0.5537
90	214	0.523
90	239	0.518
90	252	0.5293
91	62	0.6234
91	85	0.6652
91	91	1
91	134	0.6234
91	153	0.5816
91	161	0.5607
91	196	0.523
91	212	0.5983
91	216	0.5218
91	220	0.5983
91	230	0.5122
91	251	0.6987
91	254	0.6652
91	296	0.6234
92	9	0.5607
92	63	0.5381
92	92	1
92	111	0.5152
92	113	0.5158
92	133	0.5141
92	149	0.5158
92	152	0.5337
92	164	0.5037
92	192	0.509
92	197	0.5188
92	211	0.5141
92	248	0.5165
92	277	0.5165
92	283	0.5146
92	292	0.5098
93	82	0.5124
93	93	1
93	105	0.5696
93	136	0.5314
93	167	0.6234
93	185	0.5537
93	204	0.5218
93	219	0.5983
93	242	0.5274
93	249	0.5983
94	19	0.5224
94	26	0.5069
94	34	0.5243
94	37	0.518
94	46	0.5215
94	59	0.5118
94	67	0.5141
94	83	0.5314
94	86	0.5243
94	94	1
94	102	0.5351
94	103	0.518
94	104	0.5141
94	115	0.5299
94	119	0.5537
94	124	0.5172
94	135	0.5299
94	141	0.5122
94	146	0.523
94	158	0.523
94	173	0.528
94	174	0.5152
94	188	0.5207
94	215	0.5293
94	227	0.523
94	228	0.5381
94	263	0.5664
94	264	0.6717
94	268	0.5197
94	270	0.5158
94	275	0.5274
94	282	0.5074
94	291	0.5274
94	313	0.7848
95	95	1
95	133	0.5337
95	149	0.5435
95	192	0.5158
95	211	0.5337
95	279	0.5293
95	283	0.5365
95	302	0.5607
96	8	0.6694
96	11	0.5593
96	19	0.5165
96	24	0.6849
96	29	0.5096
96	35	0.5607
96	41	0.5146
96	45	0.5152
96	46	0.5237
96	48	0.5713
96	49	0.5262
96	52	0.5644
96	69	0.5207
96	71	0.5537
96	74	0.5435
96	75	0.5839
96	84	0.6792
96	88	0.5627
96	96	1
96	106	0.5585
96	110	0.6792
96	115	0.5319
96	125	0.5314
96	127	0.5202
96	136	0.523
96	137	0.5146
96	140	0.5359
96	172	0.5365
96	173	0.5303
96	177	0.6879
96	181	0.5346
96	194	0.5131
96	200	0.6413
96	201	0.5361
96	206	0.5314
96	218	0.5141
96	224	0.5224
96	225	0.5126
96	239	0.528
96	243	0.5162
96	250	0.5114
96	259	0.5243
96	264	0.5197
96	267	0.6686
96	271	0.6456
96	276	0.6829
96	278	0.6652
96	283	0.5107
96	294	0.6206
96	299	0.691
96	304	0.5796
96	306	0.7749
97	4	0.5136
97	5	0.5188
97	19	0.6938
97	37	0.5107
97	40	0.5211
97	46	0.5972
97	49	0.6113
97	54	0.5286
97	55	0.5111
97	59	0.8494
97	67	0.509
97	71	0.5522
97	80	0.5911
97	97	1
97	98	0.5149
97	100	0.5109
97	104	0.509
97	107	0.5452
97	127	0.5836
97	130	0.5131
97	137	0.5141
97	141	0.7566
97	170	0.5715
97	185	0.5422
97	204	0.5425
97	226	0.5184
97	232	0.6348
97	246	0.5274
97	247	0.5274
97	257	0.509
97	261	0.5093
97	263	0.5251
97	273	0.5314
97	285	0.5491
97	297	0.5104
97	300	0.5098
97	313	0.5202
98	7	0.5378
98	27	0.5796
98	69	0.5528
98	97	0.5149
98	98	1
98	118	0.5258
98	148	0.5146
98	155	0.5193
98	156	0.5224
98	157	0.6378
98	158	0.5122
98	162	0.5122
98	165	0.5331
98	174	0.5337
98	179	0.5763
98	182	0.5131
98	183	0.5093
98	196	0.5425
98	197	0.5122
98	201	0.547
98	214	0.5935
98	218	0.5131
98	222	0.5149
98	225	0.5266
98	250	0.5243
98	252	0.509
98	256	0.5136
98	287	0.5387
98	289	0.5696
98	292	0.5074
98	307	0.5293
99	31	0.5165
99	66	0.5258
99	99	1
99	127	0.5172
99	132	0.5293
99	141	0.5158
99	204	0.5365
99	232	0.5508
99	259	0.5243
100	3	0.5017
100	5	0.7162
100	9	0.5093
100	10	0.5018
100	34	0.5017
100	40	0.537
100	46	0.527
100	82	0.5057
100	100	1
100	116	0.5443
100	139	0.7691
100	160	0.5121
100	171	0.5018
100	176	0.5182
100	192	0.5045
100	221	0.5017
100	226	0.5226
100	234	0.5017
100	249	0.5057
100	257	0.5014
100	274	0.5816
100	277	0.5016
100	284	0.5263
101	54	0.5197
101	78	0.6234
101	101	1
101	154	0.5188
101	175	0.6652
101	191	0.6652
101	216	0.523
101	224	0.5314
101	273	0.5537
101	285	0.518
102	6	0.8069
102	14	0.7932
102	17	0.7769
102	36	0.6364
102	64	0.6234
102	73	0.5416
102	87	0.5258
102	94	0.5351
102	102	1
102	114	0.6599
102	119	0.5172
102	150	0.6987
102	176	0.5251
102	180	0.5337
102	184	0.586
102	203	0.5283
102	214	0.5314
102	215	0.8605
102	226	0.5131
102	228	0.9228
102	231	0.5274
102	253	0.737
102	264	0.5314
102	281	0.7489
102	286	0.6705
102	313	0.5337
103	34	0.5816
103	66	0.5243
103	71	0.523
103	76	0.5218
103	89	0.5293
103	103	1
103	136	0.5457
103	206	0.5331
103	233	0.5112
103	263	0.5258
103	264	0.5158
103	270	0.7176
103	275	0.5983
103	314	0.5365
103	315	0.5314
104	3	0.523
104	26	0.5069
104	31	0.5126
104	37	0.7637
104	67	1
104	76	0.5581
104	104	1
104	113	0.5188
104	115	0.5537
104	123	0.518
104	143	0.5337
104	159	0.5207
104	240	0.5207
104	248	0.5435
104	261	0.9686
105	78	0.5696
105	93	0.5696
105	105	1
105	204	0.5197
106	5	0.5125
106	8	0.5419
106	11	0.6062
106	24	0.5816
106	40	0.5266
106	45	0.5118
106	48	0.5381
106	52	0.5898
106	65	0.5107
106	75	0.5983
106	84	0.5471
106	96	0.5585
106	100	0.5137
106	106	1
106	110	0.594
106	121	0.5239
106	125	0.5359
106	132	0.5218
106	135	0.5283
106	137	0.5114
106	139	0.5096
106	140	0.6077
106	154	0.5155
106	160	0.5094
106	172	0.6387
106	177	0.5668
106	200	0.5791
106	201	0.5806
106	206	0.5631
106	233	0.5162
106	242	0.5079
106	248	0.5096
106	257	0.5077
106	260	0.528
106	267	0.5856
106	268	0.5293
106	276	0.5444
106	278	0.5384
106	287	0.5591
106	292	0.5065
106	294	0.5709
106	299	0.5427
106	301	0.5546
106	304	0.6772
106	306	0.5634
107	8	0.5381
107	34	0.5141
107	42	0.5152
107	50	0.6113
107	53	0.5522
107	54	0.6395
107	60	0.5365
107	61	0.5146
107	66	0.5409
107	76	0.5243
107	79	0.5475
107	88	0.5131
107	89	0.545
107	97	0.5452
107	101	0.5152
107	103	0.5114
107	107	1
107	115	0.5234
107	121	0.534
107	123	0.5258
107	125	0.5412
107	138	0.5365
107	143	0.5816
107	146	0.5136
107	154	0.5184
107	162	0.5136
107	175	0.5131
107	185	0.545
107	190	0.5158
107	191	0.5152
107	216	0.5576
107	226	0.5193
107	232	0.5107
107	259	0.5397
107	269	0.5193
107	270	0.5236
107	273	0.6374
107	285	0.7014
107	299	0.5502
107	300	0.5104
107	314	0.5207
107	315	0.5293
108	18	0.5218
108	73	0.5365
108	108	1
108	156	0.5365
108	160	0.5072
108	196	0.5243
109	3	0.5218
109	9	0.5197
109	26	0.5067
109	29	0.5141
109	31	0.5122
109	44	0.523
109	57	0.518
109	68	0.5197
109	81	0.5197
109	109	1
109	111	0.612
109	116	0.5053
109	130	0.523
109	139	0.511
109	142	0.5243
109	154	0.5107
109	156	0.5158
109	174	0.5146
109	193	0.5258
109	196	0.5126
109	235	0.518
109	240	0.5696
109	249	0.5243
109	277	0.5416
109	282	0.5072
109	284	0.5046
109	290	0.5397
110	8	0.6957
110	11	0.5732
110	16	0.5197
110	19	0.5321
110	24	0.6616
110	32	0.5214
110	35	0.5852
110	41	0.5218
110	45	0.523
110	48	0.574
110	49	0.5303
110	52	0.5555
110	65	0.5197
110	74	0.5381
110	75	0.6138
110	84	0.6437
110	88	0.5892
110	96	0.6792
110	106	0.594
110	110	1
110	115	0.5172
110	136	0.5303
110	137	0.5218
110	140	0.5419
110	173	0.5358
110	177	0.676
110	200	0.616
110	201	0.5402
110	208	0.5131
110	225	0.518
110	263	0.5558
110	267	0.6154
110	271	0.6467
110	276	0.6308
110	278	0.6055
110	282	0.5067
110	294	0.6899
110	299	0.6234
110	301	0.528
110	304	0.6013
110	306	0.7188
111	63	0.5293
111	68	0.5293
111	92	0.5152
111	109	0.612
111	111	1
111	113	0.5258
111	142	0.5397
111	156	0.5218
111	174	0.5197
111	196	0.5165
111	240	0.5293
111	277	0.5274
111	290	0.5258
112	112	1
112	154	0.5381
112	176	0.5152
112	180	0.523
113	67	0.5188
113	71	0.5243
113	92	0.5158
113	104	0.5188
113	111	0.5258
113	113	1
113	261	0.5197
113	277	0.5293
114	2	0.5451
114	6	0.6413
114	14	0.723
114	15	0.5258
114	17	0.7155
114	21	0.6036
114	23	0.5146
114	32	0.5188
114	33	0.5214
114	36	0.8961
114	39	0.602
114	43	0.6189
114	47	0.6143
114	51	0.6055
114	58	0.6792
114	64	0.9481
114	77	0.5422
114	87	0.5176
114	94	0.5218
114	102	0.6599
114	114	1
114	117	0.7131
114	120	0.5251
114	122	0.5397
114	126	0.545
114	131	0.7296
114	145	0.6303
114	150	0.8615
114	151	0.5732
114	169	0.5676
114	176	0.5172
114	180	0.5212
114	184	0.7057
114	189	0.5501
114	198	0.5293
114	199	0.6987
114	203	0.5188
114	205	0.574
114	207	0.6557
114	210	0.5246
114	213	0.5152
114	215	0.7409
114	228	0.671
114	231	0.5184
114	242	0.5098
114	253	0.6957
114	255	0.6147
114	264	0.5202
114	279	0.523
114	281	0.723
114	283	0.5111
114	286	0.9352
114	303	0.5435
114	312	0.6652
114	313	0.5212
115	26	0.5188
115	37	0.5623
115	67	0.5537
115	76	0.5329
115	84	0.5274
115	94	0.5299
115	95	0.5118
115	96	0.5319
115	104	0.5537
115	107	0.5234
115	115	1
115	116	0.5079
115	125	0.5371
115	128	0.5101
115	137	0.5122
115	160	0.5158
115	161	0.5243
115	164	0.5029
115	177	0.5365
115	208	0.5197
115	218	0.5118
115	250	0.5098
115	261	0.5425
115	271	0.5306
115	276	0.5358
115	278	0.5308
115	282	0.5197
115	283	0.5093
115	291	0.5122
115	299	0.5444
115	306	0.5299
115	313	0.5406
116	5	0.5317
116	9	0.5019
116	57	0.5018
116	81	0.5059
116	93	0.502
116	100	0.5443
116	116	1
116	139	0.5786
116	160	0.5067
116	161	0.5019
116	192	0.5014
116	219	0.502
116	221	0.5019
116	233	0.552
116	235	0.5058
116	240	0.5019
116	249	0.502
116	274	0.5273
116	277	0.5019
116	284	0.5832
116	295	0.5061
117	2	0.6133
117	6	0.5796
117	14	0.607
117	15	0.5397
117	17	0.6179
117	21	0.7076
117	23	0.5093
117	33	0.5172
117	36	0.7322
117	39	0.6877
117	43	0.7301
117	47	0.6586
117	51	0.673
117	58	0.6835
117	64	0.7329
117	73	0.5172
117	77	0.5293
117	87	0.5134
117	102	0.5711
117	114	0.7131
117	117	1
117	120	0.5389
117	126	0.5306
117	131	0.7617
117	145	0.7235
117	150	0.6944
117	151	0.6695
117	169	0.5711
117	184	0.8414
117	189	0.6413
117	199	0.8745
117	203	0.5141
117	205	0.6148
117	207	0.6368
117	210	0.5204
117	213	0.5096
117	215	0.6106
117	228	0.5743
117	231	0.5138
117	241	0.5086
