1	1	1
1	32	0.5659
1	76	0.5998
1	78	0.5746
1	124	0.5299
1	167	0.5081
1	175	0.5719
1	197	0.5938
1	210	0.5765
1	229	0.5533
1	237	0.5975
1	274	0.616
1	279	0.6151
2	2	1
2	15	0.661
2	21	0.7006
2	36	0.6607
2	39	0.7703
2	43	0.6933
2	47	0.7463
2	51	0.6904
2	64	0.6582
2	114	0.6602
2	117	0.678
2	120	0.661
2	131	0.6693
2	145	0.6969
2	150	0.6351
2	151	0.6737
2	184	0.6903
2	188	0.5097
2	189	0.676
2	199	0.6852
2	205	0.7717
2	207	0.6776
2	227	0.5097
2	286	0.6582
2	312	0.7058
3	3	1
3	18	0.5943
3	22	0.6111
3	35	0.6076
3	88	0.6076
3	122	0.6221
3	183	0.6605
3	214	0.6034
3	239	0.5925
3	260	0.6173
4	4	1
4	154	0.6105
4	204	0.6282
4	213	0.5683
4	232	0.6442
5	1	0.5967
5	4	0.6002
5	5	1
5	19	0.6359
5	28	0.6111
5	31	0.6271
5	34	0.6764
5	40	0.6588
5	41	0.6245
5	46	0.6922
5	49	0.6922
5	55	0.5415
5	59	0.6465
5	76	0.6401
5	79	0.6562
5	80	0.6832
5	97	0.6465
5	100	0.9472
5	106	0.6481
5	137	0.64
5	138	0.6029
5	139	0.8813
5	141	0.6501
5	159	0.6039
5	163	0.6653
5	167	0.5012
5	170	0.6412
5	176	0.6543
5	180	0.6624
5	192	0.59
5	197	0.5875
5	204	0.6748
5	219	0.546
5	226	0.6148
5	232	0.6557
5	237	0.6328
5	238	0.5831
5	246	0.6257
5	247	0.6681
5	261	0.6234
5	262	0.5693
5	273	0.6369
5	274	0.6404
5	280	0.6266
5	284	0.6782
5	291	0.617
5	292	0.5862
5	300	0.6486
5	308	0.6478
6	6	1
6	14	0.8112
6	15	0.6801
6	17	0.7354
6	21	0.6794
6	36	0.7404
6	39	0.6414
6	43	0.6445
6	47	0.6086
6	51	0.6246
6	58	0.6561
6	64	0.7453
6	102	0.7472
6	114	0.7503
6	117	0.7008
6	120	0.6801
6	131	0.7013
6	145	0.6845
6	150	0.7043
6	154	0.6561
6	176	0.6514
6	180	0.6422
6	184	0.7256
6	189	0.6144
6	199	0.7335
6	207	0.6591
6	215	0.7574
6	228	0.8953
6	229	0.572
6	237	0.6239
6	241	0.6296
6	242	0.7527
6	253	0.8276
6	255	0.703
6	279	0.6048
6	281	0.9065
6	286	0.7453
7	3	0.6097
7	7	1
7	23	0.5864
7	25	0.5502
7	27	0.6608
7	32	0.5825
7	33	0.5754
7	52	0.7156
7	65	0.6264
7	69	0.6798
7	79	0.6718
7	82	0.5871
7	86	0.62
7	122	0.6262
7	148	0.7205
7	155	0.6498
7	158	0.6437
7	165	0.5927
7	170	0.6904
7	187	0.6132
7	201	0.7699
7	204	0.6279
7	206	0.6515
7	210	0.5883
7	214	0.5944
7	218	0.6609
7	260	0.6904
7	280	0.6581
7	287	0.7699
7	304	0.6504
7	311	0.6149
8	8	1
8	19	0.6082
8	24	0.9401
8	27	0.6134
8	45	0.5859
8	48	0.6622
8	59	0.6847
8	71	0.7172
8	74	0.6247
8	84	0.6598
8	96	0.7589
8	97	0.6847
8	98	0.6299
8	107	0.6516
8	110	0.7762
8	118	0.6255
8	121	0.7183
8	129	0.6622
8	137	0.679
8	141	0.6796
8	157	0.6322
8	177	0.7686
8	181	0.6572
8	197	0.5844
8	200	0.6883
8	204	0.6511
8	225	0.6711
8	243	0.6362
8	266	0.5516
8	267	0.7159
8	271	0.6803
8	276	0.7082
8	278	0.6804
8	289	0.6538
8	294	0.7071
8	299	0.7569
8	301	0.6641
8	306	0.7256
9	9	1
9	25	0.543
9	63	0.6138
9	78	0.5592
9	105	0.5811
9	223	0.5677
9	238	0.579
10	10	1
10	23	0.5896
10	94	0.6026
10	136	0.6234
10	179	0.5957
10	301	0.6439
10	307	0.6115
10	313	0.6019
10	315	0.6182
11	11	1
11	18	0.6079
11	27	0.6109
11	40	0.6538
11	48	0.5985
11	54	0.6209
11	61	0.5864
11	63	0.6079
11	65	0.6608
11	69	0.6341
11	75	0.6406
11	83	0.6611
11	86	0.6368
11	98	0.6507
11	106	0.6633
11	125	0.6931
11	138	0.5979
11	140	0.7849
11	157	0.6376
11	158	0.6256
11	162	0.6319
11	165	0.5883
11	172	0.6688
11	174	0.5903
11	177	0.6312
11	181	0.6123
11	186	0.6695
11	190	0.5825
11	195	0.6893
11	201	0.6382
11	206	0.6341
11	221	0.6232
11	233	0.6587
11	248	0.6049
11	260	0.6155
11	263	0.6099
11	276	0.6505
11	278	0.6489
11	285	0.6111
11	287	0.6382
11	289	0.618
11	298	0.6228
11	301	0.6691
11	304	0.6459
11	306	0.5883
12	12	1
12	13	0.6489
12	44	0.6105
12	56	0.6715
12	57	0.6034
12	60	0.6121
12	62	0.6391
12	78	0.5611
12	81	0.6241
12	91	0.6148
12	111	0.6232
12	128	0.6673
12	130	0.6085
12	153	0.6538
12	166	0.5673
12	168	0.627
12	171	0.6454
12	193	0.6225
12	196	0.5913
12	209	0.6012
12	212	0.6256
12	216	0.647
12	220	0.6333
12	222	0.5971
12	234	0.6568
12	235	0.6026
12	251	0.6174
12	252	0.6842
12	293	0.5386
12	295	0.6142
13	1	0.6075
13	12	0.6489
13	13	1
13	16	0.582
13	20	0.5448
13	38	0.5609
13	50	0.6362
13	56	0.8075
13	62	0.6549
13	66	0.628
13	73	0.6061
13	75	0.6047
13	76	0.5862
13	85	0.6229
13	86	0.6346
13	90	0.644
13	91	0.6152
13	103	0.6321
13	123	0.6125
13	128	0.7061
13	153	0.6429
13	158	0.6285
13	161	0.6319
13	171	0.6971
13	178	0.6159
13	182	0.624
13	212	0.6276
13	216	0.7978
13	220	0.6255
13	222	0.6398
13	234	0.7918
13	252	0.768
13	272	0.6199
13	288	0.6043
13	295	0.5952
13	309	0.6102
14	6	0.8112
14	14	1
14	15	0.6955
14	17	0.7992
14	21	0.6815
14	36	0.8002
14	39	0.637
14	43	0.6463
14	51	0.6262
14	58	0.6822
14	64	0.8055
14	102	0.8461
14	114	0.8021
14	117	0.6995
14	120	0.6955
14	131	0.7449
14	145	0.6867
14	150	0.6998
14	151	0.6325
14	154	0.626
14	176	0.647
14	184	0.7282
14	189	0.6158
14	199	0.7362
14	205	0.59
14	207	0.6643
14	215	0.8733
14	228	0.8797
14	229	0.568
14	237	0.6591
14	241	0.6491
14	242	0.701
14	253	0.8081
14	255	0.7496
14	279	0.6059
14	281	0.7463
14	286	0.8055
14	312	0.6406
15	2	0.661
15	6	0.6801
15	14	0.6955
15	15	1
15	17	0.6997
15	21	0.663
15	39	0.6943
15	47	0.6527
15	58	0.6643
15	102	0.677
15	120	1
15	145	0.6646
15	151	0.6579
15	154	0.6254
15	169	0.6236
15	176	0.6611
15	180	0.7073
15	189	0.6494
15	205	0.6184
15	215	0.705
15	228	0.6815
15	237	0.6497
15	241	0.6757
15	242	0.689
15	253	0.7155
15	255	0.7381
15	281	0.6979
15	283	0.6432
15	312	0.6795
16	16	1
16	93	0.5396
17	1	0.5994
17	6	0.7354
17	14	0.7992
17	15	0.6997
17	17	1
17	21	0.6662
17	36	0.7012
17	51	0.6165
17	58	0.7265
17	64	0.7025
17	102	0.7525
17	114	0.7037
17	117	0.6908
17	120	0.6997
17	131	0.6589
17	145	0.6712
17	150	0.8187
17	154	0.6321
17	176	0.6504
17	180	0.643
17	184	0.7179
17	199	0.7256
17	207	0.6473
17	215	0.8287
17	228	0.7498
17	229	0.5533
17	232	0.6228
17	237	0.6702
17	241	0.6559
17	242	0.6995
17	253	0.8335
17	255	0.7619
17	279	0.6116
17	281	0.7597
17	283	0.6419
17	286	0.7025
17	312	0.6731
18	3	0.5943
18	18	1
18	48	0.6091
18	52	0.6223
18	138	0.6692
18	140	0.6341
18	156	0.6807
18	157	0.6286
18	165	0.6562
18	174	0.6929
18	196	0.6469
18	206	0.6405
18	214	0.6079
18	222	0.5982
18	224	0.6266
18	230	0.593
18	239	0.733
18	285	0.6127
19	4	0.5981
19	19	1
19	46	0.6879
19	49	0.6879
19	59	0.7318
19	61	0.6092
19	80	0.6843
19	94	0.597
19	97	0.7318
19	110	0.6426
19	124	0.5509
19	138	0.6385
19	141	0.7521
19	146	0.6403
19	163	0.6435
19	170	0.6656
19	188	0.5078
19	190	0.5916
19	194	0.6268
19	204	0.6326
19	227	0.5078
19	232	0.6448
19	236	0.5857
19	239	0.6152
19	262	0.5803
19	263	0.6905
19	264	0.6071
19	266	0.5485
19	274	0.5742
19	280	0.6414
20	20	1
20	57	0.6226
20	128	0.5801
20	222	0.589
20	235	0.6246
20	252	0.5786
20	293	0.5437
21	2	0.7006
21	6	0.6794
21	14	0.6815
21	15	0.663
21	17	0.6662
21	21	1
21	32	0.6253
21	33	0.5926
21	36	0.8077
21	39	0.8075
21	43	0.8615
21	47	0.7509
21	51	0.8613
21	58	0.6488
21	64	0.8026
21	82	0.611
21	102	0.6348
21	114	0.7976
21	117	0.8098
21	120	0.663
21	131	0.8821
21	145	0.9887
21	150	0.7533
21	151	0.776
21	169	0.6181
21	184	0.8688
21	188	0.5109
21	189	0.738
21	199	0.8664
21	205	0.6652
21	207	0.7276
21	210	0.6445
21	215	0.683
21	227	0.5109
21	228	0.6368
21	242	0.642
21	253	0.6807
21	255	0.7742
21	279	0.6605
21	281	0.6844
21	286	0.8026
21	312	0.7271
22	3	0.6111
22	18	0.5938
22	22	1
22	25	0.5353
22	35	0.6622
22	52	0.643
22	61	0.6526
22	69	0.6448
22	88	0.6622
22	94	0.6226
22	122	0.639
22	129	0.7652
22	140	0.6351
22	148	0.6282
22	155	0.5981
22	165	0.6481
22	181	0.6649
22	183	0.7844
22	187	0.5704
22	190	0.665
22	201	0.6548
22	206	0.6527
22	287	0.6548
22	298	0.6238
22	311	0.6445
22	313	0.6166
23	23	1
23	25	0.5445
23	30	0.6769
23	93	0.5299
23	94	0.605
23	119	0.6312
23	146	0.5999
23	179	0.5807
23	190	0.5779
23	213	0.6823
23	218	0.6017
23	264	0.6095
23	288	0.6016
23	313	0.5985
24	8	0.9401
24	24	1
24	27	0.6164
24	45	0.5828
24	48	0.6854
24	59	0.6439
24	71	0.7399
24	74	0.6331
24	75	0.6006
24	84	0.6645
24	96	0.7946
24	97	0.6439
24	98	0.6421
24	107	0.6489
24	110	0.7931
24	118	0.6341
24	121	0.7256
24	129	0.6754
24	137	0.6825
24	140	0.6306
24	141	0.6393
24	157	0.6507
24	165	0.597
24	177	0.7993
24	181	0.6697
24	197	0.5832
24	200	0.7037
24	204	0.6257
24	206	0.6164
24	225	0.6784
24	266	0.5511
24	267	0.729
24	271	0.6837
24	276	0.7164
24	278	0.6866
24	289	0.6606
24	294	0.7256
24	299	0.7799
24	301	0.6763
24	306	0.7524
25	25	1
25	93	0.5284
25	188	0.5089
25	227	0.5089
25	293	0.5616
26	26	1
26	30	0.5908
26	78	0.5781
26	105	0.5926
26	160	0.8141
26	223	0.6325
26	282	1
27	7	0.6608
27	27	1
27	63	0.6064
27	69	0.6628
27	98	0.6387
27	118	0.5817
27	122	0.6203
27	125	0.6359
27	157	0.618
27	183	0.606
27	201	0.7188
27	206	0.6202
27	225	0.6132
27	233	0.6216
27	243	0.6356
27	287	0.7188
27	298	0.6287
28	23	0.5888
28	25	0.5489
28	28	1
28	40	0.6522
28	79	0.636
28	86	0.6308
28	93	0.5286
28	146	0.6768
28	148	0.6072
28	158	0.646
28	162	0.6314
28	170	0.7159
28	172	0.6542
28	179	0.5888
28	187	0.5774
28	194	0.6105
28	213	0.5693
28	214	0.6
28	218	0.6089
28	238	0.5788
28	247	0.6625
28	248	0.651
28	280	0.6146
29	29	1
29	31	0.8139
29	57	0.5865
29	68	0.6383
29	77	0.6743
29	99	0.5772
29	109	0.6056
29	126	0.6539
29	132	0.6609
29	142	0.6383
29	156	0.6124
29	159	0.612
29	196	0.5913
29	224	0.6053
29	230	0.8716
29	235	0.616
29	245	0.619
29	246	0.6191
29	269	0.6109
29	277	0.6267
29	291	0.6291
29	293	0.5364
29	294	0.6246
29	310	0.6892
29	315	0.6282
30	23	0.6769
30	26	0.5908
30	30	1
30	93	0.5326
30	105	0.5722
30	119	0.6341
30	146	0.5966
30	160	0.614
30	213	0.6134
30	223	0.5713
30	238	0.5853
30	282	0.5908
31	29	0.8139
31	31	1
31	57	0.5893
31	60	0.6045
31	68	0.6432
31	76	0.6341
31	77	0.6553
31	84	0.644
31	109	0.6396
31	123	0.6077
31	124	0.5239
31	126	0.6463
31	130	0.6192
31	132	0.6374
31	139	0.6534
31	142	0.6432
31	156	0.5961
31	159	0.6088
31	168	0.6148
31	171	0.5865
31	193	0.6121
31	197	0.5907
31	230	0.7674
31	235	0.6137
31	236	0.5687
31	240	0.6285
31	245	0.6026
31	246	0.6534
31	256	0.6014
31	262	0.5693
31	269	0.6485
31	271	0.633
31	274	0.5883
31	277	0.6257
31	290	0.6194
31	291	0.6522
31	294	0.6206
31	310	0.741
31	314	0.6512
31	315	0.6351
32	32	1
32	33	0.804
32	55	0.5578
32	82	0.9477
32	124	0.6008
32	188	0.6382
32	210	0.92
32	219	0.5639
32	227	0.6382
32	236	0.5863
32	262	0.5554
32	274	0.6
33	32	0.804
33	33	1
33	55	0.5627
33	82	0.8411
33	124	0.5445
33	188	0.5731
33	210	0.7664
33	219	0.57
33	227	0.5731
33	274	0.582
34	5	0.6764
34	16	0.5815
34	30	0.5863
34	34	1
34	37	0.6542
34	38	0.5593
34	41	0.6879
34	45	0.5732
34	66	0.6351
34	67	0.6256
34	70	0.6676
34	72	0.6338
34	73	0.6176
34	78	0.5587
34	87	0.6346
34	90	0.6511
34	92	0.6372
34	95	0.7601
34	100	0.6577
34	101	0.5816
34	103	0.7374
34	104	0.6468
34	108	0.6201
34	112	0.7133
34	113	0.6401
34	115	0.6561
34	116	0.7307
34	119	0.6399
34	123	0.612
34	127	0.6343
34	133	0.6665
34	135	0.6805
34	136	0.6221
34	139	0.6424
34	143	0.6567
34	144	0.5727
34	147	0.6596
34	149	0.7334
34	152	0.6692
34	159	0.5998
34	160	0.628
34	164	0.6126
34	166	0.5498
34	173	0.6699
34	175	0.5725
34	176	0.6663
34	178	0.6264
34	180	0.6718
34	185	0.6638
34	191	0.5723
34	192	0.6077
34	202	0.6016
34	203	0.6343
34	208	0.6231
34	209	0.6062
34	211	0.6704
34	217	0.6591
34	233	0.6363
34	234	0.6404
34	238	0.5836
34	244	0.65
34	250	0.6354
34	257	0.6525
34	259	0.6546
34	261	0.6588
34	265	0.7308
34	268	0.6833
34	270	0.7394
34	272	0.641
34	275	0.8597
34	283	0.6634
34	284	0.7193
34	292	0.5998
34	297	0.6642
34	300	0.7174
34	302	0.6805
34	303	0.5925
34	308	0.6768
35	3	0.6076
35	22	0.6622
35	23	0.5824
35	35	1
35	61	0.7703
35	68	0.6102
35	88	1
35	94	0.6311
35	129	0.663
35	142	0.6102
35	183	0.6464
35	190	0.784
35	194	0.6739
35	213	0.5714
35	249	0.6415
35	258	0.6837
35	263	0.6165
35	288	0.6629
35	309	0.6477
35	313	0.6341
36	2	0.6607
36	6	0.7404
36	14	0.8002
36	15	0.6444
36	17	0.7012
36	21	0.8077
36	32	0.5805
36	33	0.5543
36	36	1
36	39	0.7129
36	43	0.7383
36	47	0.6674
36	51	0.7235
36	58	0.6307
36	64	0.9917
36	82	0.5696
36	102	0.7277
36	114	0.9837
36	117	0.8208
36	120	0.6444
36	131	0.8832
36	145	0.8157
36	150	0.7886
36	151	0.6936
36	184	0.8869
36	189	0.6674
36	199	0.8994
36	205	0.6257
36	207	0.7601
36	210	0.5951
36	215	0.7968
36	228	0.7309
36	229	0.5717
36	242	0.638
36	253	0.7206
36	255	0.6995
36	279	0.6385
36	281	0.7206
36	286	0.9917
36	312	0.6837
37	9	0.5766
37	37	1
37	45	0.5798
37	63	0.6095
37	67	0.7668
37	76	0.6296
37	93	0.5355
37	104	0.786
37	107	0.6404
37	109	0.5964
37	119	0.686
37	144	0.5926
37	166	0.5452
37	192	0.5827
37	200	0.6183
37	202	0.6456
37	233	0.6227
37	240	0.6223
37	248	0.6288
37	261	0.8896
37	266	0.5505
37	269	0.6053
37	274	0.5722
37	291	0.6096
37	292	0.5764
37	293	0.5398
38	38	1
38	192	0.6152
38	292	0.6195
39	2	0.7703
39	6	0.6414
39	15	0.6943
39	21	0.8075
39	32	0.5853
39	33	0.5583
39	36	0.7129
39	39	1
39	43	0.7719
39	47	0.9129
39	51	0.7604
39	58	0.6258
39	64	0.71
39	82	0.574
39	114	0.707
39	117	0.7612
39	120	0.6943
39	131	0.7549
39	145	0.8022
39	150	0.6872
39	151	0.7273
39	169	0.6886
39	184	0.7495
39	189	0.7291
39	199	0.7492
39	205	0.7384
39	207	0.7202
39	210	0.6004
39	241	0.6272
39	255	0.716
39	279	0.6359
39	286	0.71
39	312	0.8571
40	5	0.6588
40	7	0.627
40	11	0.6538
40	13	0.6186
40	19	0.6114
40	28	0.6522
40	40	1
40	41	0.6241
40	46	0.65
40	49	0.65
40	59	0.6251
40	61	0.5903
40	65	0.6983
40	75	0.6456
40	76	0.6012
40	79	0.6564
40	80	0.646
40	83	0.6714
40	86	0.6917
40	97	0.6251
40	100	0.6569
40	106	0.6897
40	122	0.642
40	124	0.5272
40	125	0.7098
40	139	0.68
40	141	0.6292
40	148	0.6183
40	155	0.5891
40	158	0.6898
40	162	0.6711
40	163	0.6327
40	170	0.6902
40	172	0.7322
40	179	0.5839
40	187	0.5728
40	194	0.6498
40	195	0.6354
40	201	0.6437
40	204	0.6631
40	218	0.6019
40	232	0.6398
40	233	0.6168
40	236	0.5517
40	246	0.6441
40	247	0.6955
40	260	0.646
40	262	0.5483
40	270	0.6241
40	274	0.5965
40	280	0.6176
40	284	0.6427
40	287	0.6437
40	304	0.6624
40	310	0.5883
40	314	0.6352
41	4	0.6033
41	9	0.5791
41	16	0.5775
41	28	0.6162
41	30	0.5905
41	34	0.6879
41	41	1
41	93	0.5493
41	103	0.6836
41	105	0.5739
41	106	0.6639
41	109	0.5993
41	119	0.6278
41	146	0.6103
41	147	0.6645
41	185	0.6552
41	195	0.6046
41	208	0.5966
41	232	0.6192
41	233	0.6662
41	234	0.6344
41	244	0.6293
41	248	0.6147
41	265	0.6719
41	270	0.7313
41	275	0.6628
41	284	0.6842
41	300	0.704
41	308	0.6524
42	38	0.5611
42	42	1
42	53	0.6081
42	89	0.6081
42	99	0.6085
42	212	0.5941
42	220	0.6019
42	254	0.5675
42	269	0.6211
43	2	0.6933
43	6	0.6445
43	14	0.6463
43	21	0.8615
43	32	0.6188
43	33	0.587
43	36	0.7383
43	39	0.7719
43	43	1
43	47	0.7419
43	51	0.8448
43	58	0.6455
43	64	0.7345
43	82	0.605
43	114	0.7309
43	117	0.7659
43	131	0.7836
43	145	0.8543
43	150	0.7062
43	151	0.7528
43	169	0.6466
43	184	0.7865
43	188	0.5029
43	189	0.7117
43	199	0.7856
43	205	0.6593
43	207	0.7136
43	210	0.6374
43	215	0.6478
43	227	0.5029
43	241	0.62
43	242	0.6315
43	255	0.7653
43	279	0.6515
43	281	0.6482
43	286	0.7345
43	303	0.587
43	312	0.7031
44	12	0.6105
44	20	0.5843
44	44	1
44	57	0.8163
44	60	0.8565
44	68	0.6126
44	81	0.764
44	99	0.569
44	109	0.5999
44	123	0.6081
44	130	0.867
44	142	0.6126
44	168	0.7955
44	193	0.8336
44	235	0.7699
44	251	0.6055
44	256	0.6377
44	269	0.6137
44	290	0.6259
44	309	0.6032
45	45	1
45	306	0.5888
46	4	0.6275
46	5	0.6922
46	7	0.6267
46	19	0.6879
46	22	0.6079
46	28	0.6282
46	40	0.65
46	46	1
46	49	1
46	52	0.6666
46	59	0.6503
46	65	0.6325
46	69	0.6373
46	71	0.6548
46	79	0.7602
46	80	0.97
46	83	0.6854
46	97	0.6503
46	100	0.6729
46	106	0.681
46	121	0.6916
46	122	0.6368
46	124	0.5712
46	125	0.6348
46	137	0.6436
46	139	0.7082
46	141	0.6652
46	148	0.6585
46	163	0.8309
46	167	0.5057
46	170	0.7269
46	172	0.7006
46	187	0.5707
46	188	0.524
46	194	0.6803
46	198	0.6274
46	204	0.6507
46	227	0.524
46	232	0.6442
46	236	0.6398
46	247	0.7361
46	262	0.6011
46	274	0.5876
46	280	0.7564
46	298	0.6389
46	299	0.6505
46	304	0.6099
46	311	0.6821
47	2	0.7463
47	15	0.6527
47	21	0.7509
47	36	0.6674
47	39	0.9129
47	43	0.7419
47	47	1
47	51	0.8188
47	64	0.6649
47	114	0.6625
47	117	0.7218
47	120	0.6527
47	131	0.7061
47	145	0.7463
47	150	0.6457
47	151	0.681
47	169	0.6496
47	184	0.7027
47	189	0.678
47	199	0.6975
47	205	0.7695
47	207	0.7538
47	255	0.6936
47	279	0.648
47	286	0.6649
47	312	0.7974
48	8	0.6622
48	18	0.6091
48	24	0.6854
48	48	1
48	69	0.6341
48	71	0.6435
48	74	0.6836
48	96	0.6946
48	98	0.6089
48	110	0.6562
48	118	0.6487
48	129	0.6453
48	140	0.6385
48	157	0.6564
48	165	0.6483
48	177	0.7189
48	181	0.6395
48	200	0.6113
48	225	0.6331
48	267	0.648
48	289	0.7461
48	294	0.6292
48	299	0.6911
48	306	0.6789
49	4	0.6275
49	5	0.6922
49	7	0.6267
49	19	0.6879
49	22	0.6079
49	28	0.6282
49	40	0.65
49	46	1
49	49	1
49	52	0.6666
49	59	0.6503
49	65	0.6325
49	69	0.6373
49	71	0.6548
49	79	0.7602
49	80	0.97
49	83	0.6854
49	97	0.6503
49	100	0.6729
49	106	0.681
49	121	0.6916
49	122	0.6368
49	124	0.5712
49	125	0.6348
49	137	0.6436
49	139	0.7082
49	141	0.6652
49	148	0.6585
49	163	0.8309
49	167	0.5057
49	170	0.7269
49	172	0.7006
49	187	0.5707
49	188	0.524
49	194	0.6803
49	198	0.6274
49	204	0.6507
49	227	0.524
49	232	0.6442
49	236	0.6398
49	247	0.7361
49	262	0.6011
49	274	0.5876
49	280	0.7564
49	298	0.6389
49	299	0.6505
49	304	0.6099
49	311	0.6821
50	10	0.5936
50	13	0.6362
50	20	0.5465
50	50	1
50	53	0.6538
50	54	0.7948
50	56	0.6444
50	67	0.616
50	73	0.6094
50	85	0.6721
50	89	0.6538
50	94	0.6037
50	107	0.6943
50	111	0.6054
50	128	0.5989
50	134	0.6353
50	161	0.6543
50	166	0.5603
50	171	0.6202
50	174	0.5782
50	178	0.6222
50	182	0.6666
50	197	0.5921
50	216	0.7256
50	222	0.6167
50	224	0.6443
50	226	0.6943
50	234	0.6321
50	252	0.6194
50	272	0.6235
50	273	0.7476
50	285	0.7229
50	291	0.6307
50	296	0.707
50	301	0.6548
50	313	0.607
51	2	0.6904
51	21	0.8613
51	32	0.5914
51	33	0.5746
51	36	0.7235
51	39	0.7604
51	43	0.8448
51	47	0.8188
51	51	1
51	58	0.6235
51	64	0.7195
51	82	0.5821
51	114	0.7157
51	117	0.753
51	131	0.7732
51	145	0.8529
51	150	0.6848
51	151	0.7375
51	184	0.7835
51	188	0.5136
51	189	0.7118
51	199	0.7746
51	205	0.6956
51	207	0.7804
51	210	0.6062
51	227	0.5136
51	255	0.7532
51	279	0.6735
51	286	0.7195
51	312	0.6831
52	3	0.6079
52	7	0.7156
52	18	0.6223
52	22	0.643
52	25	0.579
52	46	0.6666
52	49	0.6666
52	52	1
52	65	0.6321
52	69	0.6386
52	75	0.6295
52	80	0.6784
52	138	0.6019
52	140	0.6987
52	148	0.8275
52	155	0.7552
52	157	0.6262
52	158	0.6446
52	165	0.6586
52	183	0.6247
52	187	0.6576
52	188	0.5237
52	201	0.689
52	206	0.7161
52	218	0.6257
52	227	0.5237
52	239	0.6391
52	260	0.6606
52	263	0.6286
52	264	0.6059
52	280	0.6376
52	287	0.689
52	304	0.6641
53	10	0.5992
53	42	0.6081
53	50	0.6538
53	53	1
53	54	0.6558
53	89	1
53	107	0.6541
53	111	0.6114
53	216	0.6431
53	224	0.5951
53	273	0.6416
53	285	0.6926
54	10	0.6052
54	50	0.7948
54	53	0.6558
54	54	1
54	67	0.6134
54	74	0.5859
54	76	0.5956
54	89	0.6558
54	94	0.6128
54	107	0.7047
54	111	0.6071
54	186	0.6518
54	197	0.6053
54	216	0.675
54	224	0.677
54	226	0.7237
54	264	0.612
54	271	0.6355
54	273	0.7983
54	274	0.5735
54	285	0.7494
54	291	0.6395
54	301	0.6648
54	313	0.6115
55	33	0.5627
55	55	1
55	82	0.5641
55	124	0.572
55	138	0.6043
55	167	0.5227
55	188	0.511
55	219	0.9761
55	227	0.511
55	236	0.5549
56	1	0.59
56	12	0.6715
56	13	0.8075
56	20	0.5605
56	50	0.6444
56	56	1
56	62	0.6445
56	128	0.795
56	153	0.6586
56	166	0.5573
56	167	0.5014
56	171	0.745
56	212	0.645
56	216	0.7991
56	220	0.6313
56	222	0.7172
56	234	0.775
56	252	0.8859
56	295	0.5977
57	20	0.6226
57	44	0.8163
57	57	1
57	60	0.8505
57	68	0.6448
57	77	0.6045
57	81	0.8488
57	99	0.5821
57	109	0.6137
57	130	0.8149
57	132	0.6027
57	142	0.6448
57	167	0.506
57	168	0.8206
57	193	0.7793
57	230	0.6024
57	235	0.9066
57	251	0.5964
57	254	0.5609
57	256	0.6161
57	269	0.6129
57	288	0.5924
57	290	0.6278
57	293	0.5384
57	310	0.5991
58	1	0.6176
58	6	0.6561
58	14	0.6822
58	15	0.6643
58	17	0.7265
58	43	0.6455
58	47	0.6058
58	51	0.6235
58	58	1
58	102	0.7281
58	120	0.6643
58	150	0.6554
58	215	0.7043
58	228	0.664
58	237	0.6308
58	241	0.644
58	242	0.6625
58	253	0.6949
58	255	0.7457
58	281	0.6639
59	1	0.5906
59	4	0.5924
59	5	0.6465
59	8	0.6847
59	19	0.7318
59	24	0.6439
59	46	0.6503
59	49	0.6503
59	55	0.5459
59	59	1
59	80	0.6464
59	97	1
59	100	0.6316
59	124	0.5365
59	141	0.9425
59	154	0.6373
59	157	0.6332
59	162	0.6341
59	163	0.6334
59	170	0.6389
59	176	0.6376
59	179	0.5812
59	180	0.6444
59	204	0.7571
59	214	0.5975
59	218	0.6008
59	219	0.5517
59	229	0.5617
59	232	0.6973
59	236	0.5632
59	237	0.6564
59	241	0.6749
59	247	0.6448
59	262	0.5676
59	266	0.5509
59	280	0.6275
60	12	0.6121
60	20	0.5851
60	44	0.8565
60	57	0.8505
60	60	1
60	68	0.6241
60	81	0.7816
60	99	0.5879
60	109	0.6282
60	123	0.6204
60	128	0.5795
60	130	0.8103
60	132	0.5968
60	142	0.6241
60	167	0.5019
60	168	0.8152
60	193	0.7794
60	212	0.605
60	220	0.6102
60	235	0.7944
60	251	0.6051
60	254	0.5769
60	256	0.6165
60	269	0.6455
60	288	0.6106
60	290	0.6765
60	309	0.6265
61	19	0.6092
61	22	0.6526
61	23	0.5748
61	35	0.7703
61	61	1
61	88	0.7703
61	94	0.6379
61	108	0.6196
61	129	0.6612
61	181	0.6341
61	190	0.9628
61	194	0.6371
61	213	0.5643
61	249	0.623
61	258	0.6923
61	263	0.6202
61	264	0.6001
61	288	0.6469
61	309	0.6484
61	313	0.6319
62	12	0.6391
62	13	0.6549
62	44	0.6103
62	56	0.6445
62	57	0.5871
62	60	0.5987
62	62	1
62	73	0.6121
62	77	0.607
62	81	0.6341
62	85	0.6512
62	90	0.6845
62	91	0.6664
62	126	0.6243
62	128	0.6013
62	130	0.6171
62	134	0.6453
62	153	0.843
62	161	0.6742
62	168	0.6348
62	171	0.6216
62	178	0.6182
62	182	0.6503
62	193	0.629
62	212	0.7387
62	216	0.6558
62	220	0.7626
62	222	0.6399
62	234	0.663
62	245	0.5929
62	251	0.6345
62	252	0.621
62	256	0.6076
62	272	0.6547
62	295	0.6121
62	296	0.6601
62	315	0.6197
63	9	0.6138
63	23	0.5812
63	30	0.5872
63	63	1
63	98	0.6224
63	140	0.6452
63	146	0.59
63	181	0.6124
63	213	0.5797
63	225	0.615
63	248	0.6828
63	295	0.5968
63	298	0.6225
63	307	0.5789
64	2	0.6582
64	6	0.7453
64	14	0.8055
64	17	0.7025
64	21	0.8026
64	32	0.5787
64	33	0.5528
64	36	0.9917
64	39	0.71
64	43	0.7345
64	47	0.6649
64	51	0.7195
64	58	0.632
64	64	1
64	82	0.5679
64	102	0.7319
64	114	0.9919
64	117	0.8158
64	131	0.891
64	145	0.8105
64	150	0.7848
64	151	0.6906
64	184	0.8803
64	189	0.6649
64	199	0.8927
64	205	0.6238
64	207	0.756
64	210	0.5931
64	215	0.7935
64	228	0.7352
64	229	0.5705
64	242	0.6364
64	253	0.7182
64	255	0.6967
64	279	0.6367
64	281	0.7182
64	286	1
64	312	0.6815
65	7	0.6264
65	11	0.6608
65	40	0.6983
65	52	0.6321
65	65	1
65	75	0.6924
65	77	0.6162
65	86	0.6292
65	106	0.6699
65	125	0.631
65	138	0.613
65	155	0.5869
65	158	0.6325
65	162	0.6213
65	170	0.6543
65	172	0.6669
65	195	0.6144
65	201	0.6324
65	239	0.5935
65	260	0.648
65	263	0.5953
65	266	0.5502
65	280	0.6232
65	287	0.6324
65	304	0.7034
65	305	0.6254
66	13	0.628
66	16	0.6007
66	31	0.6251
66	38	0.5962
66	42	0.6174
66	44	0.5981
66	56	0.6035
66	62	0.6254
66	66	1
66	70	0.6433
66	79	0.6415
66	85	0.6465
66	87	0.6462
66	92	0.6334
66	99	0.5805
66	103	0.6441
66	113	0.6268
66	116	0.6481
66	123	0.6499
66	126	0.6258
66	127	0.6275
66	130	0.6123
66	143	0.6693
66	161	0.6237
66	182	0.6203
66	193	0.6147
66	202	0.5993
66	203	0.65
66	231	0.6443
66	246	0.7877
66	247	0.6292
66	251	0.5962
66	256	0.6228
66	269	0.7165
66	296	0.6466
66	314	0.7315
67	9	0.5774
67	26	0.582
67	37	0.7668
67	42	0.5976
67	53	0.6068
67	54	0.6134
67	63	0.6055
67	67	1
67	70	0.6401
67	76	0.6115
67	89	0.6068
67	92	0.6284
67	93	0.5301
67	101	0.5765
67	104	0.7761
67	105	0.5636
67	111	0.6065
67	113	0.6468
67	119	0.6682
67	127	0.6393
67	144	0.5911
67	166	0.5473
67	175	0.6018
67	191	0.5778
67	200	0.5983
67	202	0.6226
67	224	0.6007
67	233	0.6183
67	240	0.6013
67	248	0.6274
67	261	0.8075
67	282	0.582
67	285	0.6322
67	293	0.5459
67	295	0.5916
68	29	0.6383
68	31	0.6432
68	35	0.6102
68	44	0.6126
68	57	0.6448
68	60	0.6241
68	68	1
68	77	0.6184
68	81	0.6425
68	84	0.6414
68	88	0.6102
68	109	0.5967
68	130	0.61
68	132	0.6085
68	142	1
68	156	0.6437
68	168	0.6364
68	196	0.6326
68	230	0.6673
68	235	0.6129
68	245	0.595
68	246	0.6505
68	254	0.5622
68	269	0.609
68	290	0.8953
68	310	0.6124
68	314	0.6346
68	315	0.6202
69	3	0.62
69	7	0.6798
69	11	0.6341
69	18	0.6036
69	22	0.6448
69	27	0.6628
69	48	0.6341
69	52	0.6386
69	69	1
69	80	0.6407
69	96	0.6002
69	98	0.6549
69	118	0.5899
69	122	0.6836
69	129	0.6254
69	140	0.676
69	148	0.6481
69	155	0.5984
69	157	0.797
69	158	0.6288
69	165	0.6637
69	183	0.6297
69	187	0.5743
69	194	0.6112
69	201	0.7085
69	206	0.6369
69	267	0.6721
69	287	0.7085
69	289	0.6382
69	298	0.6495
69	299	0.6549
69	311	0.6545
70	16	0.5787
70	26	0.5943
70	34	0.6676
70	37	0.6231
70	38	0.5647
70	42	0.6052
70	53	0.6087
70	66	0.6433
70	67	0.6401
70	70	1
70	78	0.5607
70	87	0.7769
70	89	0.6087
70	90	0.6839
70	92	0.6361
70	95	0.6991
70	101	0.5824
70	103	0.6498
70	104	0.6428
70	105	0.576
70	108	0.6304
70	112	0.7
70	113	0.6495
70	115	0.6517
70	116	0.6562
70	123	0.6121
70	126	0.6054
70	127	0.6665
70	133	0.6497
70	143	0.6338
70	144	0.5654
70	147	0.6352
70	149	0.6704
70	152	0.6388
70	159	0.6207
70	160	0.615
70	161	0.6253
70	164	0.5947
70	169	0.6212
70	175	0.5689
70	178	0.6117
70	185	0.6494
70	191	0.5711
70	202	0.6319
70	203	0.7763
70	208	0.6048
70	209	0.6069
70	211	0.6497
70	217	0.6437
70	223	0.5753
70	231	0.7841
70	238	0.5834
70	244	0.6227
70	261	0.6328
70	265	0.6673
70	270	0.6227
70	272	0.6172
70	275	0.6725
70	277	0.6248
70	282	0.5943
70	297	0.637
70	302	0.6489
70	303	0.5874
70	305	0.6249
70	308	0.6284
71	4	0.6066
71	8	0.7172
71	19	0.6304
71	24	0.7399
71	27	0.6203
71	46	0.6548
71	48	0.6435
71	49	0.6548
71	69	0.6305
71	71	1
71	74	0.5895
71	79	0.6341
71	80	0.6544
71	84	0.6739
71	96	0.6824
71	98	0.613
71	110	0.7532
71	118	0.5991
71	121	0.7424
71	129	0.6659
71	137	0.6869
71	138	0.6025
71	140	0.647
71	157	0.6163
71	163	0.6395
71	177	0.7015
71	181	0.6522
71	200	0.6273
71	225	0.6278
71	239	0.5984
71	243	0.6829
71	258	0.6484
71	263	0.6059
71	267	0.6855
71	271	0.6407
71	276	0.6809
71	278	0.6707
71	280	0.6655
71	289	0.6483
71	294	0.6572
71	299	0.7256
71	306	0.6624
72	10	0.603
72	72	1
72	73	0.6042
72	104	0.6328
72	133	0.6513
72	143	0.6241
72	144	0.5742
72	152	0.6552
72	159	0.6015
72	174	0.5832
72	178	0.622
72	179	0.5874
72	181	0.6231
72	211	0.6514
72	225	0.6121
72	250	0.6728
72	257	0.6209
72	258	0.619
72	261	0.6268
72	277	0.6221
72	302	0.6451
72	307	0.605
73	9	0.5707
73	20	0.5466
73	73	1
73	91	0.6204
73	153	0.6065
73	159	0.6128
73	208	0.5939
73	209	0.5913
73	295	0.6021
74	48	0.6836
74	55	0.5419
74	74	1
74	96	0.6532
74	118	0.6109
74	129	0.645
74	181	0.6636
74	200	0.6053
74	219	0.5406
74	289	0.6293
74	294	0.6137
74	306	0.6785
75	11	0.6406
75	25	0.5349
75	40	0.6456
75	52	0.6295
75	65	0.6924
75	75	1
75	138	0.6158
75	155	0.6123
75	158	0.6204
75	167	0.5051
75	171	0.5864
75	187	0.5765
75	195	0.6115
75	222	0.6167
75	239	0.6016
75	252	0.5827
75	260	0.6477
75	263	0.6061
75	266	0.5467
75	293	0.5372
75	304	0.7453
76	1	0.5998
76	5	0.6401
76	31	0.6341
76	37	0.6296
76	67	0.6115
76	76	1
76	78	0.5602
76	93	0.5372
76	105	0.5616
76	124	0.541
76	139	0.6414
76	197	0.5888
76	202	0.5971
76	219	0.5324
76	226	0.6264
76	236	0.5844
76	261	0.6621
76	262	0.5932
76	274	0.6112
76	279	0.6137
76	310	0.596
77	29	0.6743
77	31	0.6553
77	57	0.6045
77	65	0.6162
77	68	0.6184
77	77	1
77	81	0.6655
77	99	0.5817
77	126	0.8397
77	132	0.5949
77	142	0.6184
77	153	0.5944
77	156	0.6195
77	168	0.658
77	196	0.6115
77	230	0.7082
77	235	0.6033
77	245	0.6435
77	246	0.619
77	269	0.6167
77	271	0.6373
77	310	0.663
78	26	0.5781
78	78	1
78	101	0.6138
78	167	0.5025
78	175	0.5982
78	223	0.5801
78	282	0.5781
79	3	0.6041
79	4	0.5954
79	5	0.6562
79	7	0.6718
79	19	0.6229
79	28	0.636
79	40	0.6564
79	46	0.7602
79	49	0.7602
79	52	0.6164
79	56	0.5949
79	65	0.6184
79	66	0.6415
79	79	1
79	80	0.74
79	100	0.6707
79	106	0.6989
79	121	0.7068
79	125	0.6315
79	137	0.6685
79	138	0.6004
79	139	0.68
79	141	0.6211
79	146	0.5977
79	148	0.6102
79	156	0.5838
79	163	0.6953
79	170	0.798
79	172	0.6761
79	174	0.592
79	194	0.6249
79	196	0.6082
79	218	0.5957
79	222	0.6004
79	226	0.6028
79	236	0.5554
79	239	0.5958
79	246	0.6465
79	247	0.7731
79	249	0.6379
79	260	0.6531
79	266	0.5455
79	267	0.6489
79	274	0.5871
79	280	0.7621
79	304	0.6283
79	314	0.6587
80	4	0.6326
80	5	0.6832
80	7	0.6341
80	19	0.6843
80	25	0.5314
80	28	0.6333
80	40	0.646
80	46	0.97
80	49	0.97
80	52	0.6784
80	59	0.6464
80	65	0.6349
80	69	0.6407
80	71	0.6544
80	79	0.74
80	80	1
80	83	0.6736
80	97	0.6464
80	100	0.6634
80	106	0.6745
80	121	0.677
80	122	0.6397
80	124	0.5781
80	139	0.6945
80	141	0.6616
80	148	0.6698
80	155	0.5874
80	158	0.6215
80	163	0.8101
80	167	0.508
80	170	0.708
80	172	0.6927
80	187	0.5717
80	188	0.5282
80	194	0.6889
80	198	0.6295
80	204	0.6573
80	227	0.5282
80	232	0.6497
80	236	0.621
80	247	0.7216
80	262	0.5944
80	263	0.5979
80	274	0.578
80	280	0.7395
80	298	0.6416
80	299	0.65
80	304	0.6158
80	311	0.6868
81	12	0.6241
81	20	0.5872
81	44	0.764
81	57	0.8488
81	60	0.7816
81	62	0.6341
81	68	0.6425
81	77	0.6655
81	81	1
81	99	0.5704
81	111	0.6092
81	126	0.6474
81	130	0.7603
81	132	0.6131
81	142	0.6425
81	153	0.6205
81	156	0.6123
81	168	0.9611
81	182	0.6185
81	193	0.74
81	196	0.6175
81	230	0.5971
81	235	0.7966
81	245	0.6011
81	251	0.5916
81	256	0.6142
81	288	0.6121
81	290	0.6282
81	309	0.6113
82	32	0.9477
82	33	0.8411
82	55	0.5641
82	82	1
82	124	0.5857
82	188	0.621
82	210	0.8742
82	219	0.5704
82	227	0.621
82	236	0.574
82	274	0.6052
83	11	0.6611
83	27	0.638
83	28	0.6155
83	35	0.6028
83	40	0.6714
83	41	0.6349
83	46	0.6854
83	49	0.6854
83	63	0.6111
83	65	0.6289
83	75	0.6016
83	79	0.6317
83	80	0.6736
83	83	1
83	88	0.6028
83	106	0.7093
83	119	0.6403
83	121	0.6807
83	122	0.7129
83	125	0.7602
83	135	0.7338
83	136	0.6539
83	139	0.6402
83	140	0.6419
83	163	0.6674
83	170	0.6435
83	172	0.7553
83	173	0.7576
83	186	0.6589
83	194	0.675
83	195	0.6431
83	198	0.6763
83	201	0.6348
83	233	0.6366
83	247	0.6532
83	248	0.6081
83	268	0.725
83	270	0.6345
83	276	0.6612
83	278	0.6614
83	280	0.6218
83	287	0.6348
83	298	0.7499
83	300	0.6532
83	302	0.653
83	308	0.6341
83	311	0.7126
84	8	0.6598
84	24	0.6645
84	29	0.6106
84	31	0.644
84	45	0.5846
84	66	0.6315
84	68	0.6414
84	71	0.6739
84	77	0.6135
84	84	1
84	87	0.6516
84	96	0.6335
84	104	0.6355
84	107	0.6566
84	110	0.6454
84	126	0.6141
84	132	0.5972
84	135	0.675
84	137	0.6743
84	142	0.6414
84	161	0.6267
84	173	0.6756
84	177	0.7017
84	182	0.6352
84	186	0.6935
84	197	0.6052
84	200	0.6206
84	202	0.5996
84	203	0.6512
84	217	0.6426
84	230	0.6256
84	231	0.6481
84	240	0.6379
84	243	0.6518
84	245	0.5978
84	246	0.6477
84	256	0.6083
84	266	0.5445
84	267	0.7436
84	268	0.6689
84	269	0.6103
84	271	0.765
84	273	0.6328
84	276	0.7218
84	277	0.6199
84	278	0.7315
84	289	0.6346
84	290	0.6289
84	291	0.6148
84	294	0.6978
84	299	0.7326
84	306	0.6513
84	310	0.6153
84	314	0.6336
85	12	0.6169
85	13	0.6229
85	20	0.5416
85	26	0.6066
85	42	0.6075
85	50	0.6721
85	56	0.6181
85	62	0.6512
85	66	0.6465
85	67	0.6101
85	73	0.6031
85	85	1
85	91	0.6633
85	92	0.6434
85	99	0.5807
85	105	0.5628
85	111	0.6184
85	113	0.655
85	123	0.6129
85	126	0.6313
85	127	0.6635
85	128	0.589
85	134	0.7534
85	153	0.6395
85	161	0.7058
85	166	0.5498
85	171	0.5886
85	178	0.6284
85	182	0.6597
85	193	0.6109
85	196	0.5983
85	212	0.6497
85	216	0.6433
85	220	0.6595
85	222	0.5916
85	223	0.5609
85	245	0.6043
85	251	0.6148
85	252	0.5977
85	256	0.6132
85	269	0.6405
85	272	0.6257
85	277	0.6236
85	282	0.6066
85	291	0.6229
85	295	0.5969
85	296	0.8972
85	315	0.6333
86	1	0.5888
86	3	0.5889
86	7	0.62
86	11	0.6368
86	13	0.6346
86	28	0.6308
86	40	0.6917
86	65	0.6292
86	75	0.5986
86	86	1
86	94	0.6137
86	139	0.6242
86	148	0.6102
86	155	0.5969
86	158	0.774
86	162	0.6915
86	170	0.6649
86	179	0.5888
86	195	0.6119
86	218	0.6019
86	224	0.6238
86	226	0.6433
86	252	0.5772
86	260	0.646
86	264	0.635
86	301	0.6582
86	313	0.6067
86	314	0.6218
87	16	0.5749
87	29	0.599
87	31	0.6159
87	42	0.5982
87	66	0.6462
87	68	0.6222
87	70	0.7769
87	84	0.6516
87	87	1
87	90	0.6611
87	108	0.6456
87	112	0.661
87	113	0.6338
87	115	0.6571
87	126	0.6117
87	127	0.6394
87	132	0.6063
87	134	0.6185
87	142	0.6222
87	159	0.6219
87	161	0.6418
87	169	0.63
87	196	0.5912
87	203	0.9756
87	217	0.6402
87	221	0.6255
87	229	0.5611
87	231	0.9794
87	277	0.6467
87	290	0.6259
87	296	0.6262
87	305	0.6309
87	307	0.5808
87	314	0.6272
87	315	0.6304
88	3	0.6076
88	22	0.6622
88	23	0.5824
88	35	1
88	61	0.7703
88	68	0.6102
88	88	1
88	94	0.6311
88	129	0.663
88	142	0.6102
88	183	0.6464
88	190	0.784
88	194	0.6739
88	213	0.5714
88	249	0.6415
88	258	0.6837
88	263	0.6165
88	288	0.6629
88	309	0.6477
88	313	0.6341
89	10	0.5992
89	42	0.6081
89	50	0.6538
89	53	1
89	54	0.6558
89	89	1
89	107	0.6541
89	111	0.6114
89	216	0.6431
89	224	0.5951
89	273	0.6416
89	285	0.6926
90	9	0.5692
90	12	0.6216
90	13	0.644
90	16	0.5782
90	26	0.5785
90	56	0.6204
90	62	0.6845
90	70	0.6839
90	73	0.6206
90	85	0.6265
90	87	0.6611
90	90	1
90	92	0.6285
90	95	0.6645
90	101	0.5821
90	103	0.6319
90	108	0.6247
90	112	0.6773
90	113	0.6329
90	127	0.6358
90	128	0.5866
90	134	0.6164
90	143	0.6212
90	149	0.6663
90	153	0.6217
90	161	0.6427
90	166	0.5502
90	171	0.5878
90	178	0.6281
90	182	0.6238
90	203	0.6634
90	208	0.5975
90	209	0.5963
90	211	0.6435
90	212	0.6091
90	216	0.6543
90	217	0.64
90	220	0.625
90	222	0.6171
90	223	0.5611
90	231	0.6597
90	234	0.6479
90	244	0.6217
90	251	0.5934
90	252	0.5942
90	259	0.6442
90	272	0.6628
90	275	0.6571
90	282	0.5785
90	288	0.6013
90	295	0.6086
90	296	0.6259
90	297	0.6385
90	302	0.6447
90	309	0.6061
91	12	0.6148
91	42	0.6026
91	56	0.5916
91	60	0.5959
91	62	0.6664
91	73	0.6204
91	78	0.5613
91	85	0.6633
91	91	1
91	112	0.6537
91	123	0.6222
91	128	0.58
91	134	0.661
91	153	0.6398
91	161	0.6461
91	171	0.5831
91	175	0.5805
91	178	0.612
91	182	0.638
91	191	0.5751
91	193	0.6092
91	212	0.6651
91	220	0.6903
91	251	0.7392
91	252	0.5837
91	254	0.5633
91	256	0.6021
91	295	0.5963
91	296	0.6583
92	9	0.5895
92	16	0.5806
92	26	0.6084
92	30	0.5812
92	37	0.6268
92	38	0.5594
92	45	0.5741
92	54	0.622
92	56	0.5914
92	63	0.5994
92	66	0.6334
92	67	0.6284
92	70	0.6361
92	78	0.5682
92	85	0.6434
92	92	1
92	105	0.5922
92	107	0.6481
92	109	0.6049
92	111	0.6079
92	113	0.6724
92	115	0.6325
92	123	0.6118
92	127	0.6527
92	134	0.6075
92	159	0.6047
92	160	0.635
92	161	0.624
92	169	0.6178
92	185	0.6234
92	202	0.6383
92	208	0.5963
92	209	0.5986
92	223	0.574
92	226	0.6324
92	234	0.6522
92	240	0.5956
92	244	0.6211
92	245	0.5973
92	256	0.601
92	261	0.6269
92	282	0.6084
92	283	0.64
92	284	0.6597
92	285	0.6123
92	291	0.6369
92	295	0.5924
92	296	0.6434
92	300	0.6602
92	302	0.6456
92	308	0.6195
92	315	0.6213
93	93	1
93	293	0.5521
94	10	0.6026
94	22	0.6226
94	23	0.605
94	35	0.6311
94	61	0.6379
94	86	0.6137
94	88	0.6311
94	94	1
94	129	0.6409
94	146	0.5923
94	181	0.6363
94	183	0.6083
94	190	0.6444
94	213	0.5778
94	224	0.6731
94	226	0.6292
94	263	0.6003
94	264	0.7895
94	285	0.6284
94	288	0.6084
94	309	0.6099
94	313	0.9339
95	12	0.6113
95	13	0.6247
95	16	0.5733
95	26	0.5818
95	34	0.7601
95	37	0.6354
95	38	0.5635
95	41	0.6472
95	42	0.6325
95	44	0.5992
95	45	0.58
95	53	0.6182
95	62	0.655
95	66	0.6575
95	67	0.6435
95	70	0.6991
95	72	0.6617
95	73	0.6358
95	85	0.6365
95	87	0.6614
95	89	0.6182
95	90	0.6645
95	91	0.6548
95	92	0.658
95	95	1
95	101	0.5818
95	103	0.6989
95	104	0.6543
95	108	0.6372
95	112	0.8086
95	113	0.653
95	115	0.6528
95	116	0.7265
95	119	0.6443
95	123	0.6431
95	127	0.6568
95	130	0.6069
95	133	0.7227
95	134	0.6164
95	135	0.7185
95	136	0.6316
95	143	0.6774
95	147	0.677
95	149	0.7866
95	152	0.7087
95	153	0.599
95	159	0.6123
95	160	0.6414
95	161	0.6438
95	164	0.6129
95	169	0.618
95	173	0.6965
95	175	0.5755
95	176	0.6637
95	178	0.6474
95	180	0.6681
95	182	0.6365
95	185	0.681
95	186	0.6514
95	191	0.5777
95	192	0.5883
95	193	0.6182
95	202	0.6195
95	203	0.6621
95	208	0.629
95	209	0.6314
95	211	0.7268
95	217	0.6927
95	220	0.6094
95	231	0.653
95	234	0.6341
95	238	0.5842
95	244	0.6668
95	248	0.6037
95	250	0.6575
95	256	0.6029
95	257	0.666
95	259	0.6695
95	261	0.6418
95	265	0.7688
95	268	0.7286
95	270	0.6569
95	272	0.6759
95	275	0.7768
95	277	0.6368
95	282	0.5818
95	283	0.6894
95	284	0.6672
95	292	0.5831
95	295	0.605
95	296	0.6283
95	297	0.711
95	300	0.7064
95	302	0.7371
95	303	0.6029
95	305	0.6269
95	308	0.6632
95	309	0.6067
95	315	0.6283
96	8	0.7589
96	24	0.7946
96	45	0.5785
96	48	0.6946
96	55	0.5313
96	71	0.6824
96	74	0.6532
96	96	1
96	110	0.7675
96	118	0.6544
96	137	0.6381
96	177	0.7738
96	197	0.5865
96	200	0.766
96	219	0.5398
96	225	0.6112
96	266	0.5554
96	267	0.6959
96	271	0.6485
96	276	0.6647
96	278	0.6536
96	289	0.6422
96	294	0.7694
96	299	0.7405
96	306	0.8221
97	1	0.5906
97	4	0.5924
97	5	0.6465
97	8	0.6847
97	19	0.7318
97	24	0.6439
97	46	0.6503
97	49	0.6503
97	55	0.5459
97	59	1
97	80	0.6464
97	97	1
97	100	0.6316
97	124	0.5365
97	141	0.9425
97	154	0.6373
97	157	0.6332
97	162	0.6341
97	163	0.6334
97	170	0.6389
97	176	0.6376
97	179	0.5812
97	180	0.6444
97	204	0.7571
97	214	0.5975
97	218	0.6008
97	219	0.5517
97	229	0.5617
97	232	0.6973
97	236	0.5632
97	237	0.6564
97	241	0.6749
97	247	0.6448
97	262	0.5676
97	266	0.5509
97	280	0.6275
98	11	0.6507
98	18	0.5916
98	24	0.6421
98	27	0.6387
98	48	0.6089
98	63	0.6224
98	69	0.6549
98	74	0.574
98	98	1
98	118	0.599
98	140	0.6808
98	157	0.7505
98	162	0.6206
98	165	0.6381
98	174	0.5783
98	179	0.5923
98	201	0.6465
98	206	0.6378
98	214	0.6459
98	218	0.6088
98	225	0.6137
98	248	0.6046
98	287	0.6465
98	289	0.635
98	298	0.6229
99	42	0.6085
99	99	1
99	126	0.6097
99	132	0.5933
99	218	0.6013
99	223	0.5598
99	251	0.599
99	254	0.713
99	269	0.6341
100	4	0.5958
100	5	0.9472
100	19	0.6224
100	28	0.6182
100	31	0.6189
100	40	0.6569
100	46	0.6729
100	49	0.6729
100	55	0.5451
100	59	0.6316
100	76	0.6198
100	79	0.6707
100	80	0.6634
100	86	0.6161
100	97	0.6316
100	100	1
100	106	0.6531
100	121	0.6586
100	137	0.646
100	138	0.6082
100	139	0.8775
100	141	0.6353
100	159	0.595
100	163	0.6458
100	167	0.501
100	170	0.6538
100	192	0.5894
100	204	0.6655
100	219	0.55
100	226	0.6132
100	232	0.6398
100	237	0.6189
100	238	0.5802
100	246	0.6289
100	247	0.6669
100	261	0.6261
100	262	0.556
100	274	0.659
100	280	0.6334
100	284	0.6527
100	292	0.5854
100	308	0.6443
100	314	0.6235
101	38	0.5601
101	78	0.6138
101	101	1
101	144	0.5778
101	167	0.5038
101	175	0.6408
101	191	0.6503
102	1	0.6077
102	6	0.7472
102	14	0.8461
102	15	0.677
102	17	0.7525
102	36	0.7277
102	58	0.7281
102	64	0.7319
102	102	1
102	114	0.7297
102	117	0.6507
102	120	0.677
102	131	0.6855
102	150	0.6782
102	154	0.61
102	176	0.6403
102	180	0.6415
102	184	0.6707
102	199	0.677
102	207	0.6281
102	215	0.8432
102	228	0.789
102	229	0.5629
102	237	0.6114
102	241	0.6506
102	242	0.6662
102	253	0.7438
102	255	0.711
102	281	0.7115
102	286	0.7319
103	13	0.6321
103	16	0.6097
103	34	0.7374
103	38	0.5609
103	41	0.6836
103	42	0.6073
103	61	0.5856
103	66	0.6441
103	67	0.6189
103	70	0.6498
103	72	0.6228
103	73	0.6125
103	78	0.5677
103	90	0.6319
103	91	0.6154
103	95	0.6989
103	103	1
103	104	0.627
103	108	0.6212
103	112	0.6805
103	113	0.6329
103	116	0.666
103	123	0.6167
103	127	0.6301
103	143	0.6479
103	147	0.6479
103	149	0.7031
103	159	0.5972
103	175	0.5795
103	185	0.6625
103	192	0.5838
103	208	0.6104
103	209	0.6056
103	233	0.6562
103	234	0.6256
103	244	0.6583
103	249	0.6261
103	257	0.6315
103	265	0.6958
103	270	0.7314
103	272	0.6257
103	275	0.8019
103	284	0.6714
103	288	0.6029
103	292	0.5774
103	297	0.6445
103	300	0.6867
103	302	0.6645
103	303	0.5986
103	308	0.6289
103	309	0.6218
104	9	0.5711
104	26	0.584
104	37	0.786
104	45	0.6002
104	67	0.7761
104	70	0.6428
104	72	0.6328
104	74	0.5975
104	76	0.6205
104	78	0.5602
104	93	0.5297
104	96	0.5988
104	101	0.5799
104	104	1
104	105	0.5597
104	107	0.645
104	113	0.6291
104	119	0.6388
104	127	0.6359
104	144	0.5869
104	159	0.6082
104	191	0.5812
104	200	0.6617
104	202	0.6498
104	209	0.6017
104	223	0.562
104	240	0.6023
104	248	0.6073
104	261	0.8536
104	266	0.545
104	282	0.584
104	294	0.6225
104	306	0.6293
105	9	0.5811
105	26	0.5926
105	78	0.5589
105	93	0.5301
105	105	1
105	223	0.6412
105	282	0.5926
106	4	0.5926
106	5	0.6481
106	11	0.6633
106	18	0.6418
106	19	0.6091
106	22	0.6202
106	27	0.6136
106	28	0.6341
106	40	0.6897
106	41	0.6639
106	46	0.681
106	49	0.681
106	54	0.623
106	61	0.5856
106	65	0.6699
106	71	0.6373
106	75	0.6424
106	79	0.6989
106	80	0.6745
106	83	0.7093
106	86	0.636
106	100	0.6531
106	106	1
106	121	0.6941
106	125	0.6898
106	136	0.6418
106	138	0.6186
106	139	0.6605
106	148	0.6072
106	156	0.5893
106	158	0.6311
106	162	0.626
106	163	0.6488
106	170	0.6914
106	172	0.7948
106	173	0.6516
106	174	0.6347
106	183	0.6086
106	186	0.6718
106	195	0.6485
106	196	0.5967
106	198	0.6054
106	201	0.6466
106	206	0.6226
106	214	0.6055
106	221	0.6288
106	224	0.5966
106	233	0.6252
106	239	0.598
106	247	0.6545
106	260	0.6486
106	266	0.5432
106	267	0.6459
106	270	0.6305
106	280	0.6772
106	285	0.6161
106	287	0.6466
106	301	0.6669
106	304	0.6601
106	311	0.617
107	8	0.6516
107	10	0.6065
107	24	0.6489
107	37	0.6404
107	45	0.5847
107	50	0.6943
