1	1	1
1	38	0.608
1	61	0.5972
1	72	0.7927
1	85	0.6645
1	103	0.6422
1	168	0.594
1	182	0.6449
1	197	0.6398
1	229	0.5362
1	241	0.6209
1	243	0.6367
1	244	0.6053
1	250	0.6206
2	1	0.6334
2	2	1
2	4	0.6506
2	21	0.6095
2	34	0.6639
2	38	0.6073
2	40	0.6016
2	48	0.6987
2	49	0.642
2	50	0.6785
2	51	0.6506
2	54	0.6925
2	66	0.6441
2	78	0.6334
2	82	0.8213
2	83	0.8213
2	105	0.6327
2	106	0.6062
2	121	0.6347
2	127	0.6711
2	164	0.6492
2	168	0.7975
2	170	0.5982
2	178	0.6175
2	180	0.6795
2	184	0.6583
2	211	0.7648
2	219	0.6364
2	221	0.6869
2	229	0.5362
2	238	0.6506
2	245	0.7975
2	249	0.6289
2	250	0.7975
3	3	1
3	15	0.6236
3	43	0.7043
3	97	0.63
3	111	0.733
3	139	0.6062
3	155	0.6104
3	167	0.6196
3	211	0.6248
3	213	0.7217
3	242	0.6236
4	4	1
4	51	0.7031
4	121	0.6354
4	180	0.6368
4	238	0.7031
5	5	1
5	155	0.614
5	167	0.6143
5	227	0.5517
6	6	1
6	148	0.5867
6	149	0.5867
6	243	0.6978
7	6	0.5668
7	7	1
7	8	0.8325
7	10	0.7351
7	11	0.8115
7	12	0.8115
7	13	0.6875
7	19	0.6387
7	26	0.6888
7	28	0.6888
7	43	0.7136
7	45	0.7136
7	47	0.6636
7	67	0.6494
7	68	0.6896
7	71	0.574
7	75	0.6718
7	87	0.6852
7	89	0.6789
7	93	0.7136
7	95	0.6852
7	138	0.5992
7	148	0.6311
7	149	0.6305
7	215	0.6541
7	243	0.633
7	248	0.6494
8	7	0.8325
8	8	1
8	10	0.7338
8	11	0.8115
8	12	0.8115
8	13	0.6875
8	18	0.6537
8	19	0.6233
8	24	0.7038
8	25	0.7038
8	26	0.6734
8	28	0.6734
8	43	0.7136
8	44	0.7038
8	45	0.7136
8	47	0.6636
8	67	0.6494
8	68	0.6896
8	75	0.6718
8	87	0.6982
8	90	0.6982
8	91	0.6982
8	93	0.7136
8	95	0.6982
8	96	0.6982
8	140	0.6537
8	215	0.6541
8	248	0.6494
9	9	1
9	61	0.5815
9	227	0.5395
9	229	0.5722
9	243	0.6807
9	244	0.5786
10	6	0.5668
10	7	0.7351
10	8	0.7338
10	10	1
10	11	0.7351
10	12	0.7351
10	13	0.6875
10	68	0.6896
10	75	0.6718
10	148	0.5823
10	149	0.5668
10	215	0.6541
10	243	0.633
11	7	0.8115
11	8	0.8115
11	10	0.7351
11	11	1
11	12	0.8115
11	13	0.6875
11	68	0.6896
11	75	0.6718
11	215	0.6541
12	6	0.5668
12	7	0.8115
12	8	0.8115
12	9	0.612
12	10	0.7351
12	11	0.8115
12	12	1
12	13	0.6875
12	18	0.6537
12	24	0.7038
12	25	0.7038
12	26	0.7111
12	43	0.7178
12	44	0.7178
12	45	0.7038
12	67	0.6966
12	68	0.6896
12	72	0.6226
12	75	0.6718
12	87	0.6982
12	90	0.6982
12	91	0.6982
12	95	0.6982
12	96	0.6982
12	138	0.612
12	140	0.6677
12	148	0.5823
12	149	0.5668
12	156	0.6005
12	181	0.5818
12	215	0.6541
12	243	0.7166
12	248	0.6966
13	7	0.6875
13	10	0.6875
13	11	0.6875
13	13	1
13	14	0.6956
13	23	0.6165
13	68	0.6879
13	75	0.6724
13	76	0.6948
13	77	0.6948
13	215	0.6318
14	13	0.6956
14	14	1
14	43	0.7127
14	53	0.6738
14	68	0.6841
14	74	0.8141
14	75	0.8141
14	76	0.7246
14	77	0.7107
14	105	0.6468
14	126	0.6731
14	185	0.6731
14	186	0.648
14	211	0.6273
15	15	1
15	155	0.6104
15	167	0.6619
15	242	0.6236
16	6	0.5592
16	16	1
16	38	0.587
16	41	0.6377
16	42	0.621
16	52	0.6493
16	61	0.5841
16	79	0.5115
16	148	0.5691
16	149	0.5691
16	162	0.601
16	197	0.6297
16	228	0.5847
17	17	1
17	18	0.7474
17	19	0.7046
18	9	0.6009
18	17	0.7474
18	18	1
18	19	0.7487
18	23	0.6283
18	63	0.6195
18	67	0.6495
18	71	0.5932
18	119	0.5906
18	140	0.6537
18	150	0.6283
18	248	0.6495
18	249	0.6322
19	17	0.7046
19	18	0.7487
19	19	1
19	215	0.6591
20	20	1
20	41	0.6517
20	65	0.6235
20	79	0.5115
20	145	0.5986
21	21	1
21	40	0.6014
21	78	0.6153
21	82	0.6422
21	83	0.6427
21	168	0.629
21	169	0.5931
21	220	0.6159
21	245	0.6183
21	250	0.6183
22	22	1
22	131	0.6509
22	141	0.6132
22	172	0.6086
23	23	1
23	53	0.7151
23	65	0.6098
23	74	0.6311
23	105	0.6376
23	119	0.6395
23	150	0.6787
23	151	0.6535
23	153	0.5966
23	170	0.5898
24	8	0.7038
24	10	0.6624
24	11	0.6624
24	12	0.7038
24	18	0.6537
24	24	1
24	25	0.7444
24	26	0.7105
24	27	0.6994
24	28	0.6994
24	29	0.7126
24	31	0.6713
24	44	0.7038
24	45	0.7038
24	87	0.6982
24	89	0.6789
24	90	0.6982
24	91	0.6982
24	95	0.6982
24	96	0.6982
24	140	0.6537
25	8	0.7038
25	10	0.6624
25	11	0.6624
25	12	0.7038
25	18	0.6537
25	24	0.7444
25	25	1
25	26	0.704
25	27	0.6994
25	28	0.704
25	29	0.7126
25	31	0.6897
25	44	0.7038
25	45	0.7038
25	87	0.6982
25	90	0.6982
25	91	0.6982
25	95	0.6982
25	96	0.6982
25	140	0.6537
26	7	0.6888
26	10	0.6624
26	11	0.6624
26	12	0.7111
26	18	0.6495
26	19	0.6571
26	24	0.7105
26	25	0.704
26	26	1
26	27	0.7065
26	28	0.7525
26	29	0.7126
26	31	0.7036
26	43	0.7205
26	44	0.7111
26	45	0.6996
26	67	0.6611
26	89	0.6789
26	140	0.6611
26	248	0.6611
27	24	0.6994
27	25	0.6994
27	26	0.7065
27	27	1
27	28	0.713
27	29	0.7126
28	7	0.6888
28	19	0.6571
28	24	0.6994
28	25	0.704
28	26	0.7525
28	27	0.713
28	28	1
28	29	0.7126
28	31	0.7036
28	160	0.6343
29	7	0.6865
29	10	0.6865
29	11	0.6865
29	24	0.7126
29	25	0.7126
29	26	0.7126
29	27	0.7126
29	28	0.7126
29	29	1
29	31	0.7544
29	63	0.6082
29	73	0.6115
29	87	0.6865
29	89	0.6865
29	90	0.6865
29	91	0.6865
29	92	0.6865
29	93	0.6865
29	94	0.6488
29	95	0.6865
29	96	0.6865
29	139	0.6115
29	173	0.6115
29	174	0.6115
29	175	0.6115
29	183	0.6488
30	16	0.6049
30	30	1
30	32	0.6694
30	33	0.6901
30	35	0.6579
30	39	0.6135
30	59	0.6203
30	62	0.6203
30	64	0.61
30	137	0.6135
30	142	0.6731
30	161	0.625
30	177	0.6838
30	178	0.6838
30	224	0.6356
30	228	0.6292
31	19	0.6362
31	23	0.6415
31	26	0.7036
31	28	0.7036
31	29	0.7544
31	31	1
31	53	0.6677
31	93	0.6913
31	152	0.6656
31	249	0.625
32	20	0.5759
32	30	0.6694
32	32	1
32	33	0.6987
32	39	0.6135
32	59	0.6263
32	62	0.6203
32	64	0.6539
32	81	0.5738
32	84	0.67
32	137	0.6135
32	142	0.6731
32	161	0.6311
32	177	0.663
32	178	0.6829
32	223	0.5627
32	224	0.6253
33	30	0.6901
33	32	0.6987
33	33	1
33	35	0.6579
33	39	0.6135
33	59	0.6203
33	62	0.6203
33	64	0.6172
33	84	0.6457
33	137	0.6135
33	142	0.6731
33	161	0.625
33	177	0.6709
33	178	0.6709
34	2	0.6639
34	16	0.6297
34	17	0.6379
34	34	1
34	42	0.6648
34	46	0.6773
34	47	0.6634
34	52	0.6869
34	55	0.7006
34	70	0.6026
34	71	0.6269
34	80	0.6181
34	97	0.6469
34	105	0.6379
34	124	0.6653
34	138	0.5997
34	139	0.6113
34	148	0.5822
34	149	0.5822
34	178	0.6393
34	180	0.6713
34	184	0.6331
34	218	0.7002
34	222	0.6541
34	228	0.608
34	249	0.6379
35	16	0.621
35	20	0.5853
35	30	0.6579
35	32	0.6253
35	33	0.6579
35	35	1
35	37	0.6674
35	38	0.5841
35	41	0.6717
35	52	0.6349
35	59	0.6121
35	62	0.6018
35	64	0.6086
35	69	0.6541
35	98	0.6193
35	103	0.587
35	138	0.6029
35	142	0.7727
35	145	0.6491
35	146	0.5948
35	148	0.5691
35	149	0.5691
35	156	0.6259
35	165	0.6402
35	177	0.6579
35	178	0.6579
35	179	0.617
35	181	0.5695
35	197	0.6567
35	224	0.6973
35	228	0.5988
35	241	0.645
36	1	0.6355
36	36	1
36	43	0.7225
36	44	0.7225
36	46	0.7594
36	47	0.7791
36	52	0.6555
36	55	0.6794
36	56	0.6343
36	58	0.6859
36	60	0.6366
36	70	0.6115
36	97	0.6491
36	98	0.7286
36	120	0.6727
36	123	0.6309
36	129	0.7084
36	130	0.7084
36	131	0.7084
36	134	0.554
36	136	0.6644
36	138	0.6065
36	144	0.6405
36	152	0.6648
36	157	0.6128
36	158	0.6602
36	160	0.6242
36	164	0.6782
36	165	0.6782
36	177	0.6392
36	178	0.6392
36	182	0.637
36	194	0.6711
36	195	0.6743
36	196	0.5814
36	199	0.6512
36	212	0.6578
36	219	0.6182
36	223	0.6071
36	225	0.6084
36	228	0.5966
36	229	0.5371
36	237	0.6885
36	239	0.5814
37	9	0.6105
37	30	0.6229
37	32	0.6229
37	33	0.6229
37	35	0.6674
37	37	1
37	38	0.5856
37	39	0.6946
37	40	0.6127
37	41	0.6668
37	59	0.6229
37	61	0.602
37	62	0.6229
37	64	0.6514
37	69	0.6661
37	84	0.7144
37	88	0.6238
37	103	0.636
37	137	0.6682
37	138	0.602
37	166	0.6258
37	177	0.6514
37	178	0.6514
37	179	0.626
37	197	0.7537
37	224	0.6409
37	227	0.6127
37	228	0.6127
37	229	0.6127
37	241	0.6661
37	244	0.6238
38	38	1
38	79	0.5775
38	85	0.6238
38	153	0.6111
38	156	0.6069
38	179	0.6111
38	197	0.6288
38	223	0.5703
39	37	0.6946
39	39	1
39	59	0.6135
39	62	0.6135
39	69	0.604
39	137	0.6173
40	21	0.6014
40	40	1
40	79	0.5023
40	168	0.6206
40	211	0.626
40	227	0.6061
40	229	0.5884
40	245	0.6206
40	250	0.6206
41	16	0.6377
41	20	0.6517
41	21	0.6123
41	35	0.6717
41	37	0.6668
41	38	0.6236
41	39	0.61
41	41	1
41	52	0.6593
41	69	0.6145
41	78	0.6723
41	79	0.5115
41	85	0.6282
41	104	0.6142
41	128	0.5871
41	145	0.6871
41	146	0.6286
41	147	0.5919
41	154	0.6142
41	163	0.6742
41	164	0.6383
41	165	0.6383
41	179	0.7166
41	184	0.6878
41	196	0.5781
41	197	0.6639
41	223	0.5618
41	224	0.6343
42	9	0.6088
42	16	0.621
42	34	0.6648
42	42	1
42	63	0.616
42	134	0.5337
42	144	0.6349
42	155	0.6081
42	202	0.6342
42	203	0.6122
42	204	0.6444
42	210	0.6017
42	222	0.6391
42	223	0.5703
43	1	0.6322
43	3	0.7043
43	7	0.7136
43	8	0.7136
43	10	0.6624
43	11	0.6624
43	12	0.7178
43	14	0.7127
43	17	0.6184
43	18	0.6537
43	19	0.6591
43	22	0.62
43	24	0.7038
43	25	0.7038
43	26	0.7205
43	27	0.6678
43	28	0.6734
43	31	0.685
43	34	0.6634
43	36	0.7225
43	42	0.6656
43	43	1
43	44	0.7969
43	45	0.7811
43	47	0.6862
43	58	0.642
43	60	0.6629
43	63	0.6195
43	67	0.6611
43	74	0.6539
43	75	0.6954
43	87	0.6982
43	89	0.6789
43	90	0.6982
43	91	0.6982
43	92	0.6779
43	93	0.7136
43	94	0.6527
43	95	0.6982
43	96	0.7116
43	97	0.6371
43	102	0.6196
43	111	0.7137
43	132	0.6616
43	140	0.6677
43	142	0.7462
43	144	0.6349
43	150	0.6371
43	151	0.6181
43	164	0.6598
43	165	0.6598
43	202	0.6278
43	203	0.6122
43	204	0.6444
43	210	0.6017
43	211	0.6717
43	215	0.702
43	221	0.6434
43	248	0.6611
43	249	0.6273
44	1	0.6322
44	8	0.7038
44	9	0.6088
44	12	0.7178
44	17	0.6372
44	18	0.6624
44	19	0.6249
44	22	0.6358
44	24	0.7038
44	25	0.7038
44	26	0.7111
44	27	0.6678
44	28	0.6734
44	31	0.685
44	36	0.7225
44	42	0.662
44	43	0.7969
44	44	1
44	45	0.7811
44	58	0.642
44	63	0.616
44	67	0.6611
44	87	0.6982
44	89	0.6725
44	90	0.6982
44	91	0.6982
44	92	0.6779
44	94	0.6527
44	95	0.6982
44	96	0.7116
44	132	0.6673
44	140	0.6677
44	142	0.7462
44	144	0.6349
44	164	0.6598
44	165	0.6598
44	202	0.6278
44	203	0.6122
44	204	0.6444
44	210	0.6017
44	211	0.6248
44	215	0.6678
44	248	0.6611
44	249	0.6187
45	7	0.7136
45	8	0.7136
45	9	0.6088
45	12	0.7038
45	18	0.6624
45	19	0.6233
45	24	0.7038
45	25	0.7038
45	26	0.6996
45	27	0.6678
45	28	0.6734
45	42	0.648
45	43	0.7811
45	44	0.7811
45	45	1
45	47	0.7052
45	67	0.6495
45	87	0.6982
45	90	0.6982
45	91	0.6982
45	92	0.6779
45	93	0.7136
45	94	0.6527
45	95	0.6982
45	96	0.6982
45	140	0.6537
45	142	0.6905
45	144	0.6208
45	215	0.6541
45	248	0.6495
46	16	0.601
46	22	0.6176
46	34	0.6773
46	36	0.7594
46	42	0.625
46	46	1
46	47	0.7604
46	48	0.6372
46	49	0.6633
46	50	0.7051
46	52	0.6373
46	70	0.6717
46	71	0.5756
46	97	0.6593
46	99	0.6908
46	100	0.7134
46	101	0.7106
46	119	0.6026
46	120	0.7233
46	123	0.6468
46	124	0.6897
46	125	0.6392
46	131	0.6323
46	136	0.6491
46	141	0.5983
46	143	0.6669
46	158	0.6408
46	162	0.677
46	163	0.6249
46	172	0.6375
46	194	0.6913
46	195	0.6743
46	199	0.6891
46	212	0.6716
46	214	0.6429
46	216	0.6818
46	218	0.6908
46	222	0.6249
46	223	0.5806
46	237	0.7077
46	239	0.5996
47	17	0.6302
47	19	0.6591
47	23	0.6214
47	34	0.6634
47	36	0.7791
47	42	0.6466
47	45	0.7052
47	46	0.7604
47	47	1
47	52	0.6289
47	53	0.6682
47	80	0.6157
47	102	0.6196
47	124	0.6562
47	139	0.6375
47	140	0.6708
47	144	0.6597
47	150	0.6456
47	184	0.6501
47	215	0.6948
47	237	0.6623
47	241	0.6141
48	2	0.6987
48	48	1
48	54	0.692
48	70	0.603
48	104	0.6671
48	106	0.621
48	128	0.6138
48	154	0.6138
48	164	0.6346
48	165	0.6546
48	182	0.6788
48	217	0.6234
48	222	0.6257
48	226	0.6735
49	49	1
49	50	0.6514
49	53	0.6575
49	88	0.6234
49	106	0.6144
49	119	0.6384
49	136	0.6559
49	144	0.6466
49	150	0.6531
49	151	0.6531
49	160	0.6323
49	169	0.6304
49	220	0.585
49	239	0.6098
50	2	0.6785
50	46	0.7051
50	49	0.6514
50	50	1
50	80	0.6082
50	83	0.6633
50	120	0.6832
50	123	0.6289
50	141	0.6172
50	143	0.6669
50	172	0.6375
50	180	0.6505
50	181	0.5675
50	184	0.6354
50	216	0.6818
50	245	0.6051
50	249	0.6235
51	4	0.7031
51	51	1
51	66	0.6161
51	80	0.6119
51	121	0.6372
51	127	0.6017
51	180	0.6368
51	238	0.7031
52	16	0.6493
52	34	0.6869
52	35	0.6349
52	39	0.6005
52	41	0.6593
52	52	1
52	61	0.5841
52	72	0.6236
52	85	0.6559
52	98	0.6636
52	148	0.5699
52	149	0.5699
52	163	0.6322
52	177	0.6026
52	180	0.6262
52	181	0.6029
52	184	0.6472
52	197	0.6559
52	219	0.6177
52	224	0.6282
53	4	0.5895
53	9	0.6055
53	14	0.6738
53	19	0.6341
53	23	0.7151
53	31	0.6677
53	47	0.6682
53	48	0.6393
53	49	0.6575
53	53	1
53	65	0.647
53	71	0.5773
53	74	0.6311
53	80	0.6482
53	82	0.6254
53	86	0.6202
53	101	0.6946
53	105	0.6838
53	119	0.6788
53	127	0.5695
53	150	0.6856
53	151	0.6738
53	152	0.692
53	153	0.6178
53	155	0.6075
53	166	0.6008
53	169	0.5887
53	170	0.5945
53	219	0.6324
53	221	0.6739
53	238	0.5895
53	245	0.605
53	249	0.6362
54	2	0.6925
54	21	0.6017
54	48	0.692
54	54	1
54	78	0.6252
54	82	0.649
54	83	0.6571
54	88	0.6446
54	104	0.6209
54	106	0.6293
54	128	0.6232
54	154	0.6138
54	168	0.6079
54	175	0.6356
54	182	0.7057
54	217	0.6234
54	226	0.6735
54	229	0.5362
54	239	0.5832
54	250	0.6292
55	22	0.6556
55	34	0.7006
55	36	0.6794
55	42	0.6535
55	52	0.6396
55	55	1
55	56	0.6622
55	57	0.6622
55	58	0.6622
55	70	0.6248
55	71	0.6119
55	98	0.6522
55	99	0.6747
55	100	0.6747
55	101	0.6933
55	119	0.5898
55	120	0.6796
55	123	0.627
55	124	0.6587
55	125	0.6252
55	129	0.6896
55	130	0.6896
55	131	0.6896
55	141	0.637
55	143	0.6938
55	144	0.6088
55	148	0.5859
55	149	0.5859
55	152	0.6587
55	157	0.6938
55	158	0.7177
55	162	0.6218
55	171	0.6876
55	172	0.6351
55	194	0.6602
55	195	0.6458
55	199	0.6565
55	214	0.6749
55	222	0.676
55	237	0.6539
55	239	0.5805
55	240	0.6042
55	246	0.6622
55	249	0.6357
56	56	1
56	57	0.7153
56	58	0.7153
56	80	0.6152
56	105	0.6899
56	123	0.627
56	129	0.6132
56	130	0.6132
56	131	0.6535
56	143	0.6622
56	157	0.6622
56	158	0.6622
56	171	0.6622
56	172	0.6351
56	239	0.5995
56	240	0.6201
56	246	0.6622
57	56	0.7153
57	57	1
57	58	0.7153
57	123	0.627
57	129	0.6132
57	130	0.6132
57	143	0.6622
57	157	0.6622
57	158	0.6622
57	171	0.6622
57	172	0.6351
57	240	0.6033
57	246	0.6622
58	1	0.6271
58	36	0.6859
58	56	0.7153
58	57	0.7153
58	58	1
58	71	0.585
58	80	0.6357
58	123	0.627
58	129	0.6132
58	130	0.6132
58	131	0.6535
58	134	0.5403
58	143	0.6622
58	157	0.6622
58	158	0.6622
58	163	0.6292
58	171	0.6622
58	172	0.6351
58	182	0.6454
58	196	0.5979
58	225	0.5976
58	239	0.5995
58	240	0.6033
58	241	0.6461
58	246	0.6622
59	30	0.6203
59	32	0.6263
59	33	0.6203
59	39	0.6135
59	59	1
59	62	0.6203
59	64	0.609
59	137	0.6135
59	145	0.6123
59	146	0.5579
59	147	0.5919
59	161	0.677
60	4	0.5776
60	51	0.6132
60	60	1
60	88	0.661
60	98	0.6506
60	99	0.6483
60	106	0.6782
60	134	0.5337
60	136	0.6465
60	160	0.646
60	185	0.7029
60	219	0.6112
60	220	0.6064
60	222	0.6602
60	238	0.5776
60	239	0.578
61	61	1
61	85	0.6348
61	103	0.5908
61	138	0.6589
61	243	0.655
62	30	0.6203
62	32	0.6203
62	33	0.6203
62	39	0.6135
62	59	0.6203
62	62	1
62	64	0.6134
62	69	0.6256
62	84	0.6188
62	103	0.6464
62	137	0.6135
62	161	0.648
63	63	1
64	20	0.6049
64	32	0.6539
64	33	0.6172
64	37	0.6514
64	59	0.609
64	62	0.6134
64	64	1
64	84	0.6296
64	103	0.6134
64	145	0.605
64	156	0.6615
64	161	0.6966
64	177	0.6823
64	178	0.7039
64	179	0.6009
65	4	0.572
65	20	0.6235
65	65	1
65	66	0.6128
65	71	0.5729
65	79	0.5115
65	86	0.6035
65	121	0.6062
65	146	0.573
65	147	0.6145
65	151	0.6175
65	153	0.6407
65	169	0.6244
65	170	0.5899
65	238	0.572
66	4	0.5776
66	6	0.5617
66	51	0.6161
66	65	0.6128
66	66	1
66	79	0.5115
66	86	0.5973
66	121	0.6409
66	127	0.5764
66	145	0.6084
66	147	0.5911
66	151	0.622
66	153	0.6023
66	166	0.5883
66	169	0.6168
66	170	0.6189
66	179	0.6409
66	220	0.6247
66	221	0.6562
66	226	0.6272
66	238	0.5776
67	18	0.6495
67	67	1
67	68	0.7781
67	74	0.6909
67	75	0.6909
67	76	0.6909
67	140	0.6611
67	181	0.5674
67	248	0.7919
68	5	0.6445
68	7	0.6896
68	10	0.6896
68	11	0.6896
68	13	0.6879
68	14	0.6841
68	15	0.6172
68	67	0.7781
68	68	1
68	75	0.6755
68	76	0.6841
68	77	0.6841
68	167	0.6735
68	206	0.6657
68	207	0.6908
68	208	0.6908
68	209	0.6908
68	215	0.6541
68	248	0.6826
69	35	0.6541
69	37	0.6661
69	39	0.604
69	62	0.6256
69	69	1
69	84	0.6758
69	137	0.604
69	156	0.5961
69	224	0.6379
69	241	0.6473
70	70	1
70	162	0.6705
70	212	0.6328
71	71	1
71	147	0.5744
71	227	0.5582
71	228	0.6133
71	229	0.5722
72	1	0.7927
72	9	0.6012
72	61	0.5985
72	72	1
72	85	0.664
72	103	0.6542
72	138	0.5985
72	168	0.6225
72	181	0.5957
72	197	0.664
72	244	0.664
72	245	0.6225
72	250	0.6225
73	73	1
74	9	0.6008
74	14	0.8141
74	23	0.6311
74	67	0.6909
74	74	1
74	75	0.8304
74	76	0.7914
74	77	0.6363
74	105	0.6212
74	248	0.6738
75	9	0.6008
75	10	0.6718
75	11	0.6718
75	13	0.6724
75	14	0.8141
75	23	0.6311
75	67	0.6909
75	74	0.8304
75	75	1
75	76	0.7914
75	77	0.6875
75	105	0.6212
75	248	0.6738
76	9	0.6008
76	13	0.6948
76	14	0.7246
76	67	0.6909
76	68	0.6841
76	74	0.7914
76	75	0.7914
76	76	1
76	77	0.7107
76	248	0.6738
77	13	0.6948
77	14	0.7107
77	68	0.6841
77	74	0.6363
77	75	0.6875
77	76	0.7107
77	77	1
78	21	0.6153
78	41	0.6723
78	54	0.6252
78	78	1
78	104	0.6209
78	128	0.6209
78	145	0.5944
78	147	0.5677
78	154	0.6138
78	164	0.6342
78	175	0.621
78	182	0.6318
78	217	0.6342
78	226	0.6342
78	250	0.6094
79	79	1
80	4	0.5597
80	51	0.6119
80	53	0.6482
80	80	1
80	127	0.5932
80	134	0.5591
80	216	0.548
80	219	0.611
81	81	1
81	102	0.6131
81	161	0.6197
82	2	0.8213
82	21	0.6422
82	40	0.6206
82	54	0.649
82	78	0.6215
82	82	1
82	83	0.8491
82	106	0.6343
82	164	0.6755
82	168	0.7975
82	169	0.5952
82	184	0.6362
82	217	0.6213
82	220	0.6243
82	221	0.6389
82	226	0.6441
82	240	0.6075
82	245	0.7978
82	250	0.7975
83	2	0.8213
83	21	0.6427
83	40	0.63
83	50	0.6633
83	54	0.6571
83	78	0.6297
83	82	0.8491
83	83	1
83	106	0.6348
83	164	0.6755
83	168	0.7975
83	184	0.6422
83	199	0.6608
83	217	0.6295
83	220	0.5833
83	221	0.6389
83	226	0.6446
83	245	0.7978
83	250	0.7975
84	20	0.5759
84	30	0.6165
84	32	0.67
84	33	0.6457
84	37	0.7144
84	39	0.6091
84	59	0.5953
84	62	0.6188
84	64	0.6296
84	69	0.6758
84	84	1
84	98	0.6553
84	103	0.6218
84	137	0.6091
84	166	0.6004
84	177	0.6237
84	178	0.6436
84	197	0.6617
84	241	0.618
85	1	0.6645
85	38	0.6238
85	52	0.6559
85	61	0.6348
85	72	0.664
85	79	0.5115
85	85	1
85	88	0.6412
85	103	0.6001
85	156	0.6148
85	166	0.5903
85	179	0.6042
85	197	0.6971
85	223	0.5703
85	224	0.6282
85	243	0.655
85	244	0.6063
86	6	0.5631
86	65	0.6035
86	86	1
86	121	0.6248
86	169	0.5926
86	180	0.6248
87	44	0.6982
87	87	1
87	90	0.6982
87	91	0.6982
87	95	0.7324
87	96	0.6982
87	139	0.6124
87	183	0.6702
88	4	0.5899
88	38	0.5865
88	54	0.6446
88	60	0.661
88	85	0.6412
88	88	1
88	106	0.6221
88	153	0.6031
88	180	0.6748
88	184	0.6593
88	197	0.6537
88	222	0.7229
88	224	0.6473
88	238	0.5899
88	244	0.5959
89	10	0.6624
89	11	0.6624
89	26	0.6789
89	89	1
89	94	0.669
90	27	0.6678
90	44	0.6982
90	87	0.6982
90	89	0.6829
90	90	1
90	91	0.7199
90	92	0.6995
90	93	0.7068
90	94	0.6744
90	95	0.6982
90	96	0.7199
91	27	0.6678
91	44	0.6982
91	87	0.6982
91	89	0.6829
91	90	0.7199
91	91	1
91	92	0.6995
91	93	0.7068
91	94	0.6744
91	95	0.6982
91	96	0.7199
92	27	0.6678
92	90	0.6995
92	91	0.6995
92	92	1
92	94	0.6803
92	96	0.6995
92	142	0.6905
93	7	0.7136
93	8	0.7136
93	19	0.6233
93	26	0.6734
93	28	0.6734
93	31	0.6913
93	43	0.7136
93	45	0.7136
93	47	0.6636
93	87	0.6852
93	89	0.6829
93	90	0.7068
93	91	0.7068
93	92	0.6798
93	93	1
93	94	0.6547
93	95	0.6852
93	96	0.7068
93	249	0.6383
94	89	0.669
94	92	0.6803
94	94	1
94	142	0.6905
95	27	0.6678
95	44	0.6982
95	87	0.7324
95	90	0.6982
95	91	0.6982
95	92	0.6779
95	94	0.6527
95	95	1
95	96	0.6982
95	183	0.6702
96	27	0.6678
96	43	0.7116
96	44	0.7116
96	87	0.6982
96	89	0.6829
96	90	0.7199
96	91	0.7199
96	92	0.6995
96	93	0.7068
96	94	0.6744
96	95	0.6982
96	96	1
96	132	0.6616
97	51	0.6192
97	56	0.6271
97	97	1
97	99	0.6765
97	101	0.6887
97	105	0.6576
97	125	0.6182
97	131	0.6216
97	139	0.6062
97	140	0.6518
97	141	0.5899
97	144	0.6164
97	150	0.6517
97	151	0.6265
97	152	0.6572
97	194	0.6638
97	218	0.6933
98	16	0.6053
98	36	0.7286
98	52	0.6636
98	57	0.6132
98	60	0.6506
98	84	0.6553
98	98	1
98	104	0.6106
98	129	0.6589
98	130	0.6589
98	131	0.6589
98	138	0.601
98	148	0.5859
98	149	0.5859
98	157	0.6132
98	163	0.6385
98	196	0.5712
98	225	0.619
98	239	0.5903
98	246	0.6132
99	46	0.6908
99	50	0.6314
99	51	0.6012
99	60	0.6483
99	97	0.6765
99	99	1
99	100	0.7406
99	101	0.7259
99	125	0.7156
99	136	0.6477
99	152	0.6688
99	160	0.644
99	162	0.5997
99	166	0.5972
99	194	0.6898
99	195	0.6849
99	196	0.5931
99	199	0.6862
99	212	0.6385
99	218	0.7518
99	223	0.5758
99	226	0.6309
100	22	0.6132
100	46	0.7134
100	49	0.6582
100	50	0.6314
100	70	0.6278
100	88	0.6372
100	97	0.6554
100	99	0.7406
100	100	1
100	101	0.7435
100	119	0.6026
100	120	0.6541
100	124	0.6962
100	125	0.6922
100	136	0.6518
100	141	0.637
100	151	0.6193
100	152	0.7019
100	160	0.7137
100	162	0.5997
100	163	0.6249
100	194	0.6911
100	195	0.6763
100	196	0.5931
100	199	0.6891
100	212	0.6385
100	218	0.7518
100	223	0.5758
100	226	0.6309
100	237	0.6802
101	22	0.6132
101	23	0.6144
101	31	0.6592
101	34	0.6709
101	46	0.7106
101	47	0.6704
101	48	0.6396
101	49	0.6679
101	50	0.6474
101	53	0.6946
101	55	0.6933
101	56	0.6332
101	70	0.6169
101	80	0.6233
101	83	0.6351
101	97	0.6887
101	99	0.7259
101	100	0.7435
101	101	1
101	105	0.6595
101	120	0.6542
101	124	0.6433
101	125	0.6856
101	127	0.5778
101	129	0.6339
101	130	0.6199
101	131	0.6339
101	136	0.6518
101	141	0.637
101	144	0.6348
101	150	0.6973
101	151	0.6802
101	152	0.6603
101	160	0.6787
101	162	0.5997
101	163	0.6249
101	194	0.737
101	195	0.6878
101	196	0.5931
101	199	0.7148
101	212	0.6385
101	218	0.7276
101	223	0.5774
101	237	0.6578
101	249	0.6286
102	81	0.6131
102	102	1
102	155	0.6055
102	167	0.6376
102	207	0.7622
103	1	0.6422
103	37	0.636
103	61	0.5908
103	62	0.6464
103	64	0.6134
103	72	0.6542
103	84	0.6218
103	103	1
103	244	0.6332
104	48	0.6671
104	78	0.6209
104	104	1
104	128	0.6209
104	134	0.5619
104	154	0.6372
104	165	0.6348
104	175	0.622
104	196	0.6332
104	217	0.6209
104	226	0.6348
105	23	0.6376
105	53	0.6838
105	56	0.6899
105	97	0.6576
105	105	1
105	127	0.5778
105	139	0.5855
105	150	0.6335
105	151	0.6202
105	170	0.6089
105	221	0.6323
105	245	0.605
105	249	0.6396
106	48	0.621
106	54	0.6293
106	60	0.6782
106	82	0.6343
106	88	0.6221
106	106	1
106	168	0.6343
106	217	0.6103
106	220	0.5833
107	107	1
107	108	0.7608
107	109	0.7608
107	110	0.7608
107	111	0.7608
107	112	0.7608
107	113	0.7255
107	114	0.7255
107	115	0.7255
107	116	0.7205
107	117	0.7608
107	118	0.7255
107	135	0.6801
107	201	0.6351
107	202	0.6351
107	204	0.6351
107	213	0.7151
107	225	0.5923
107	230	0.6953
107	242	0.624
108	107	0.7608
108	108	1
108	109	0.7608
108	110	0.7608
108	111	0.7608
108	112	0.7608
108	113	0.7255
108	114	0.7255
108	115	0.7255
108	116	0.7205
108	117	0.7608
108	118	0.7255
109	107	0.7608
109	108	0.7608
109	109	1
109	110	0.7608
109	111	0.7608
109	112	0.7608
109	113	0.7255
109	114	0.7255
109	115	0.7255
109	116	0.7205
109	117	0.7608
109	118	0.7255
110	107	0.7608
110	108	0.7608
110	109	0.7608
110	110	1
110	111	0.7608
110	112	0.7608
110	113	0.7255
110	114	0.7255
110	115	0.7255
110	116	0.7205
110	117	0.7608
110	118	0.7255
111	3	0.733
111	43	0.7137
111	63	0.6195
111	107	0.7608
111	108	0.7608
111	109	0.7608
111	110	0.7608
111	111	1
111	112	0.7702
111	113	0.7255
111	114	0.7255
111	115	0.7255
111	116	0.7205
111	117	0.7836
111	118	0.7255
111	188	0.7068
111	233	0.7068
111	247	0.7219
112	107	0.7608
112	108	0.7608
112	109	0.7608
112	110	0.7608
112	111	0.7702
112	112	1
112	113	0.7255
112	114	0.7255
112	115	0.7255
112	116	0.7205
112	117	0.7702
112	118	0.7255
112	188	0.7068
112	233	0.7068
112	247	0.7219
113	3	0.669
113	5	0.6378
113	13	0.6695
113	77	0.6275
113	102	0.6523
113	107	0.7255
113	108	0.7255
113	109	0.7255
113	110	0.7255
113	111	0.7255
113	112	0.7255
113	113	1
113	114	0.7518
113	115	0.7518
113	116	0.7205
113	117	0.7255
113	118	0.7255
113	191	0.7207
113	192	0.7316
114	13	0.6695
114	77	0.6275
114	107	0.7255
114	108	0.7255
114	109	0.7255
114	110	0.7255
114	111	0.7255
114	112	0.7255
114	113	0.7518
114	114	1
114	115	0.7784
114	116	0.7205
114	117	0.7255
114	118	0.7255
115	13	0.6695
115	77	0.6275
115	107	0.7255
115	108	0.7255
115	109	0.7255
115	110	0.7255
115	111	0.7255
115	112	0.7255
115	113	0.7518
115	114	0.7784
115	115	1
115	116	0.7205
115	117	0.7255
115	118	0.7255
116	107	0.7205
116	108	0.7205
116	109	0.7205
116	110	0.7205
116	111	0.7205
116	112	0.7205
116	113	0.7205
116	114	0.7205
116	115	0.7205
116	116	1
116	117	0.7205
116	118	0.7205
117	63	0.6195
117	107	0.7608
117	108	0.7608
117	109	0.7608
117	110	0.7608
117	111	0.7836
117	112	0.7702
117	113	0.7255
117	114	0.7255
117	115	0.7255
117	116	0.7205
117	117	1
117	118	0.7255
117	135	0.6864
117	188	0.7068
117	200	0.5906
117	233	0.7068
117	247	0.7219
118	107	0.7255
118	108	0.7255
118	109	0.7255
118	110	0.7255
118	111	0.7255
118	112	0.7255
118	113	0.7255
118	114	0.7255
118	115	0.7255
118	116	0.7205
118	117	0.7255
118	118	1
118	201	0.6351
118	202	0.6351
118	204	0.6351
118	230	0.6953
119	23	0.6395
119	49	0.6384
119	53	0.6788
119	119	1
119	150	0.6395
119	151	0.6395
120	46	0.7233
120	50	0.6832
120	55	0.6796
120	69	0.5969
120	120	1
120	123	0.6468
120	124	0.6679
120	141	0.5983
120	143	0.6895
120	158	0.6519
120	171	0.6282
120	172	0.664
120	195	0.6458
120	212	0.6332
120	214	0.6749
120	216	0.6705
120	237	0.653
121	4	0.6354
121	6	0.5631
121	51	0.6372
121	65	0.6062
121	66	0.6409
121	86	0.6248
121	121	1
121	153	0.6123
121	169	0.6175
121	170	0.5977
121	180	0.6482
121	211	0.6438
121	219	0.6604
121	220	0.606
121	238	0.6354
121	239	0.5923
122	77	0.6275
122	122	1
122	126	0.7255
122	135	0.6841
122	187	0.7051
122	188	0.7051
122	189	0.7051
122	190	0.7051
122	191	0.722
122	192	0.7841
122	193	0.7003
122	201	0.6351
122	202	0.6351
122	204	0.6351
122	205	0.659
122	207	0.6841
122	208	0.6841
123	57	0.627
123	123	1
123	129	0.6132
123	130	0.6132
123	157	0.627
123	158	0.6716
123	159	0.5708
123	171	0.627
123	172	0.5935
123	216	0.6348
123	246	0.627
124	4	0.5785
124	20	0.5864
124	22	0.6206
124	34	0.6653
124	46	0.6897
124	69	0.6169
124	100	0.6962
124	120	0.6679
124	124	1
124	131	0.6487
124	138	0.6395
124	141	0.5899
124	152	0.6991
124	156	0.6635
124	159	0.6929
124	163	0.7234
124	179	0.6009
124	181	0.5944
124	199	0.6433
124	212	0.6241
124	214	0.6371
124	218	0.6962
124	222	0.6192
124	238	0.5785
125	99	0.7156
125	100	0.6922
125	101	0.6856
125	125	1
125	136	0.6226
125	160	0.6673
125	162	0.5997
125	194	0.6479
125	195	0.6479
125	199	0.6532
125	212	0.6235
125	218	0.7277
126	14	0.6731
126	77	0.6275
126	122	0.7255
126	126	1
126	135	0.6841
126	185	0.6731
126	186	0.648
126	187	0.7051
126	188	0.7051
126	189	0.7051
126	190	0.7051
126	191	0.722
126	192	0.7841
126	193	0.7003
126	205	0.659
126	207	0.6841
126	208	0.6841
127	2	0.6711
127	51	0.6017
127	127	1
127	211	0.6194
128	78	0.6209
128	104	0.6209
128	128	1
128	134	0.5615
128	154	0.6138
128	175	0.6166
128	182	0.6232
128	217	0.6232
129	36	0.7084
129	55	0.6896
129	57	0.6132
129	98	0.6589
129	129	1
129	130	0.7344
129	131	0.7344
129	157	0.6132
129	225	0.6119
129	239	0.581
129	246	0.6132
130	36	0.7084
130	55	0.6896
130	57	0.6132
130	98	0.6589
130	129	0.7344
130	130	1
130	131	0.7344
130	157	0.6132
130	225	0.6119
130	239	0.581
130	246	0.6132
131	22	0.6509
131	36	0.7084
131	55	0.6896
131	56	0.6535
131	57	0.6132
131	58	0.6535
131	98	0.6589
131	124	0.6487
131	129	0.7344
131	130	0.7344
131	131	1
131	157	0.6217
131	158	0.667
131	225	0.5919
131	246	0.6132
132	42	0.6234
132	132	1
132	133	0.7435
133	132	0.7435
133	133	1
134	134	1
135	3	0.6797
135	9	0.6487
135	15	0.6236
135	61	0.6071
135	72	0.6347
135	85	0.6164
135	88	0.6267
135	103	0.6517
135	122	0.6841
135	126	0.6841
135	135	1
135	138	0.6104
135	155	0.6301
135	167	0.6196
135	180	0.6326
135	191	0.722
135	192	0.722
135	193	0.659
135	200	0.6265
135	205	0.659
135	206	0.6905
135	207	0.6905
135	208	0.6905
135	209	0.6892
135	213	0.655
135	222	0.6267
135	225	0.5923
135	242	0.6413
135	243	0.655
135	244	0.6054
136	49	0.6559
136	60	0.6465
136	86	0.5947
136	99	0.6477
136	125	0.6226
136	136	1
136	160	0.6488
136	196	0.5814
136	218	0.7103
136	223	0.6071
137	37	0.6682
137	39	0.6173
137	59	0.6135
137	62	0.6135
137	69	0.604
137	137	1
138	61	0.6589
138	138	1
138	148	0.5783
138	149	0.5777
138	228	0.5887
138	229	0.5363
138	243	0.6528
139	139	1
139	140	0.6901
140	18	0.6537
140	47	0.6708
140	63	0.6195
140	67	0.6611
140	97	0.6518
140	139	0.6901
140	140	1
140	215	0.6469
140	248	0.6611
141	22	0.6132
141	141	1
142	1	0.6477
142	16	0.6671
142	20	0.6116
142	22	0.6156
142	30	0.6731
142	32	0.6731
142	33	0.6731
142	35	0.7727
142	37	0.6674
142	38	0.6205
142	39	0.6494
142	41	0.6552
142	43	0.7462
142	44	0.7462
142	52	0.6607
142	59	0.6281
142	62	0.6229
142	64	0.6593
142	69	0.6285
142	84	0.6281
142	85	0.6488
142	92	0.6905
142	94	0.6905
142	103	0.6229
142	137	0.6229
142	138	0.5907
142	142	1
142	145	0.6813
142	146	0.5998
142	154	0.5992
142	156	0.6249
142	161	0.6593
142	163	0.6488
142	164	0.6445
142	165	0.7153
142	166	0.5895
142	177	0.6731
142	178	0.6731
142	179	0.617
142	182	0.6224
142	214	0.6605
142	223	0.5888
142	224	0.7479
142	225	0.5963
142	227	0.5339
142	228	0.5845
142	229	0.5339
142	241	0.6285
142	244	0.6022
143	50	0.6669
143	55	0.6938
143	56	0.6622
143	57	0.6622
143	58	0.6622
143	80	0.6129
143	120	0.6895
143	143	1
143	157	0.6938
143	158	0.6938
143	171	0.6876
143	172	0.664
143	216	0.6461
143	246	0.6622
143	249	0.6417
144	42	0.6349
144	49	0.6466
144	51	0.5969
144	144	1
144	180	0.6283
145	20	0.5986
145	35	0.6491
145	41	0.6871
145	59	0.6123
145	66	0.6084
145	142	0.6813
145	145	1
145	146	0.6826
145	147	0.7674
145	165	0.6542
145	197	0.6304
145	244	0.587
146	145	0.6826
146	146	1
146	147	0.8009
147	4	0.5588
147	65	0.6145
147	71	0.5744
147	145	0.7674
147	146	0.8009
147	147	1
147	169	0.5911
147	220	0.5911
147	238	0.5588
148	6	0.5867
148	148	1
148	149	0.6808
148	243	0.6627
149	6	0.5867
149	148	0.6808
149	149	1
149	243	0.6627
150	23	0.6787
150	49	0.6531
150	53	0.6856
150	65	0.6175
150	66	0.622
150	71	0.5736
150	86	0.5868
150	97	0.6517
150	101	0.6973
150	105	0.6335
150	119	0.6395
150	144	0.6164
150	150	1
150	151	0.7479
150	152	0.6603
150	153	0.6153
150	160	0.638
150	170	0.5898
151	23	0.6535
151	49	0.6531
151	53	0.6738
151	65	0.6175
151	66	0.622
151	71	0.5736
151	86	0.5897
151	101	0.6802
151	119	0.6395
151	150	0.7479
151	151	1
151	153	0.5989
151	160	0.6306
151	170	0.5898
152	1	0.6362
152	6	0.5668
152	9	0.6137
152	22	0.622
152	23	0.6401
152	31	0.6656
152	53	0.692
152	65	0.6078
152	70	0.6278
152	80	0.6478
152	84	0.6429
152	97	0.6572
152	98	0.6385
152	99	0.6688
152	100	0.7019
152	119	0.6376
152	124	0.6991
152	136	0.6165
152	138	0.649
152	144	0.6091
152	148	0.5823
152	149	0.5668
152	150	0.6603
152	151	0.6277
152	152	1
152	153	0.6258
152	155	0.6299
152	159	0.589
152	162	0.6111
152	163	0.6507
152	167	0.6269
152	181	0.6081
152	182	0.6263
152	196	0.6046
152	199	0.6785
152	200	0.5738
152	214	0.6457
152	218	0.7205
152	222	0.6192
152	237	0.6578
152	241	0.624
152	243	0.6909
153	38	0.6111
153	65	0.6407
153	79	0.5115
153	121	0.6123
153	153	1
153	166	0.6006
153	169	0.6244
153	170	0.5899
154	104	0.6372
154	128	0.6138
154	154	1
154	217	0.6138
155	15	0.6104
155	155	1
155	167	0.6202
155	200	0.5876
155	210	0.6381
155	220	0.6062
155	242	0.6301
156	20	0.5871
156	38	0.6069
156	61	0.5803
156	64	0.6615
156	69	0.5961
156	85	0.6148
156	124	0.6635
156	156	1
156	159	0.6165
156	163	0.6464
156	177	0.6014
156	181	0.5778
157	55	0.6938
157	56	0.6622
157	57	0.6622
157	58	0.6622
157	123	0.627
157	129	0.6132
157	130	0.6132
157	131	0.6217
157	143	0.6938
157	157	1
157	158	0.6938
157	171	0.6876
157	240	0.6033
157	246	0.6622
158	55	0.7177
158	56	0.6622
158	57	0.6622
158	58	0.6622
158	98	0.637
158	120	0.6519
158	123	0.6716
158	129	0.637
158	130	0.637
158	131	0.667
158	141	0.59
158	143	0.6938
158	157	0.6938
158	158	1
158	171	0.6876
158	172	0.6351
158	246	0.6622
159	124	0.6929
159	156	0.6165
159	159	1
159	163	0.6303
159	181	0.5912
160	49	0.6323
160	51	0.6116
160	60	0.646
160	100	0.7137
160	101	0.6787
160	125	0.6673
160	136	0.6488
160	150	0.638
160	151	0.6306
160	160	1
160	194	0.651
160	195	0.642
160	218	0.7017
161	30	0.625
161	32	0.6311
161	33	0.625
161	39	0.6135
161	59	0.677
161	62	0.648
161	64	0.6966
161	81	0.6197
161	103	0.5877
161	137	0.6135
161	147	0.5677
161	161	1
161	177	0.6267
161	178	0.6482
161	221	0.6253
161	225	0.6687
161	240	0.6322
162	16	0.601
162	70	0.6705
162	162	1
162	212	0.6381
162	214	0.6519
163	41	0.6742
163	52	0.6322
163	72	0.6236
163	85	0.6083
163	98	0.6385
163	124	0.7234
163	134	0.5925
163	156	0.6464
163	159	0.6303
163	163	1
163	181	0.6041
163	196	0.5915
163	219	0.6257
164	36	0.6782
164	40	0.5951
164	41	0.6383
164	48	0.6346
164	60	0.6302
164	78	0.6342
164	82	0.6755
164	83	0.6755
164	104	0.6214
164	127	0.5694
164	128	0.6232
164	134	0.6126
164	154	0.6138
164	164	1
164	165	0.6902
164	175	0.6166
164	182	0.6603
164	217	0.6699
164	226	0.685
165	35	0.6402
165	36	0.6782
165	40	0.5951
165	41	0.6383
165	48	0.6546
165	78	0.6342
165	104	0.6348
165	128	0.6232
165	134	0.6126
165	142	0.7153
165	145	0.6542
165	146	0.579
165	154	0.6138
165	164	0.6902
165	165	1
165	175	0.622
165	182	0.657
165	217	0.6387
165	221	0.6347
165	226	0.7057
165	250	0.6046
166	6	0.5512
166	79	0.501
166	153	0.6006
166	166	1
166	170	0.6012
166	179	0.6265
167	15	0.6619
167	102	0.6376
167	155	0.6202
167	167	1
167	203	0.6075
167	208	0.7085
167	210	0.6075
168	2	0.7975
168	21	0.629
168	40	0.6206
168	82	0.7975
168	83	0.7975
168	106	0.6343
168	168	1
168	245	0.7975
168	250	0.7975
169	49	0.6304
169	65	0.6244
169	66	0.6168
169	79	0.5115
169	86	0.5926
169	121	0.6175
169	147	0.5911
169	153	0.6244
169	169	1
169	170	0.5984
169	220	0.6281
170	6	0.5617
170	66	0.6189
170	79	0.5115
170	166	0.6012
170	169	0.5984
170	170	1
171	55	0.6876
171	56	0.6622
171	57	0.6622
171	58	0.6622
171	123	0.627
171	129	0.6132
171	130	0.6132
171	143	0.6876
171	157	0.6876
171	158	0.6876
171	171	1
171	172	0.6351
171	240	0.6201
171	246	0.6622
172	50	0.6375
172	56	0.6351
172	57	0.6351
172	120	0.664
172	143	0.664
172	171	0.6351
172	172	1
172	216	0.6348
172	246	0.6351
173	173	1
173	174	0.6983
173	175	0.6983
174	173	0.6983
174	174	1
174	175	0.6983
175	54	0.6356
175	78	0.621
175	104	0.622
175	128	0.6166
175	154	0.6095
175	173	0.6983
175	174	0.6983
175	175	1
175	217	0.6166
176	176	1
177	16	0.5992
177	30	0.6838
177	32	0.663
177	33	0.6709
177	35	0.6579
177	37	0.6514
177	64	0.6823
177	84	0.6237
177	142	0.6731
177	156	0.6014
177	161	0.6267
177	177	1
177	178	0.8123
177	179	0.6009
177	224	0.6519
177	228	0.5931
178	16	0.5992
178	20	0.5717
178	30	0.6838
178	32	0.6829
178	33	0.6709
178	35	0.6579
178	37	0.6514
178	59	0.609
178	64	0.7039
178	71	0.5908
178	81	0.5953
178	84	0.6436
178	127	0.5885
178	142	0.6731
178	145	0.605
178	156	0.6014
178	161	0.6482
178	177	0.8123
178	178	1
178	179	0.6009
178	222	0.6159
178	224	0.6253
178	228	0.5931
179	20	0.593
179	38	0.6111
179	41	0.7166
179	66	0.6409
179	79	0.5217
179	166	0.6265
179	179	1
179	244	0.5989
180	2	0.6795
180	4	0.6368
180	6	0.5631
180	34	0.6713
180	50	0.6505
180	51	0.6368
180	65	0.6204
180	86	0.6248
180	88	0.6748
180	121	0.6482
180	144	0.6283
180	153	0.6204
180	169	0.6203
180	180	1
180	222	0.6379
180	238	0.6368
181	159	0.5912
181	181	1
182	1	0.6449
182	21	0.5987
182	48	0.6788
182	54	0.7057
182	58	0.6454
182	78	0.6318
182	104	0.6209
182	127	0.5694
182	128	0.6232
182	145	0.5935
182	146	0.579
182	154	0.6138
182	164	0.6603
182	165	0.657
182	175	0.6166
182	182	1
182	217	0.6465
182	226	0.6777
182	241	0.6177
182	250	0.6201
183	183	1
184	21	0.6141
184	41	0.6878
184	50	0.6354
184	52	0.6472
184	65	0.6126
184	82	0.6362
184	83	0.6422
184	88	0.6593
184	106	0.6151
184	184	1
184	220	0.5901
184	221	0.6428
184	240	0.606
184	241	0.6111
184	245	0.6362
184	249	0.6541
185	5	0.634
185	14	0.6731
185	34	0.6634
185	42	0.6343
185	60	0.7029
185	77	0.6275
185	126	0.6731
185	134	0.5337
185	184	0.6273
185	185	1
185	186	0.7037
185	210	0.6084
185	211	0.6676
185	219	0.6784
185	222	0.6978
185	225	0.5945
185	233	0.7329
186	185	0.7037
186	186	1
187	122	0.7051
187	126	0.7051
187	135	0.6841
187	187	1
187	188	0.7918
187	189	0.7918
187	190	0.7918
187	191	0.722
187	192	0.7535
187	193	0.6799
187	205	0.659
187	207	0.6841
187	208	0.6841
188	112	0.7068
188	117	0.7068
188	122	0.7051
188	126	0.7051
188	135	0.6841
188	187	0.7918
188	188	1
188	189	0.7918
188	190	0.7918
188	191	0.722
188	192	0.7535
188	193	0.6799
188	205	0.659
188	207	0.6841
188	208	0.6841
188	233	0.7068
188	247	0.7068
189	122	0.7051
189	126	0.7051
189	135	0.6841
189	187	0.7918
189	188	0.7918
189	189	1
189	190	0.7918
189	191	0.722
189	192	0.7535
189	193	0.6799
189	205	0.659
189	207	0.6841
189	208	0.6841
190	63	0.6195
190	122	0.7051
190	126	0.7051
190	135	0.6841
190	187	0.7918
190	188	0.7918
190	189	0.7918
190	190	1
190	191	0.722
190	192	0.7535
190	193	0.6799
190	205	0.659
190	207	0.6841
190	208	0.6841
191	63	0.6306
191	102	0.6252
191	113	0.7207
191	122	0.722
191	126	0.722
191	135	0.722
191	187	0.722
191	188	0.722
191	189	0.722
191	190	0.722
191	191	1
191	192	0.7915
191	193	0.7461
191	205	0.722
191	206	0.722
191	207	0.722
191	208	0.722
191	209	0.7038
192	14	0.6783
192	63	0.6306
192	76	0.6571
192	77	0.6571
192	102	0.6743
192	113	0.7316
192	122	0.7841
192	126	0.7841
192	135	0.722
192	185	0.6783
192	186	0.6783
192	187	0.7535
192	188	0.7535
192	189	0.7535
192	190	0.7535
192	191	0.7915
192	192	1
192	193	0.8082
192	200	0.5719
192	201	0.6188
192	205	0.722
192	206	0.722
192	207	0.722
192	208	0.722
192	209	0.7038
192	211	0.6574
192	213	0.6653
193	122	0.7003
193	126	0.7003
193	191	0.7461
193	192	0.8082
193	193	1
193	205	0.659
194	46	0.6913
194	70	0.6169
194	97	0.6638
194	99	0.6898
194	100	0.6911
194	101	0.737
194	119	0.6138
194	125	0.6479
194	136	0.6145
194	141	0.5983
194	160	0.651
194	194	1
194	195	0.6997
194	199	0.653
194	214	0.6642
194	218	0.7088
194	237	0.6831
195	36	0.6743
195	70	0.6044
195	99	0.6849
195	100	0.6763
195	101	0.6878
195	119	0.5898
195	125	0.6479
195	136	0.6165
195	160	0.642
195	194	0.6997
195	195	1
195	199	0.6625
195	214	0.6642
195	218	0.6849
195	237	0.6831
196	104	0.6332
196	134	0.5415
196	196	1
197	1	0.6398
197	16	0.6297
197	20	0.5952
197	35	0.6567
197	37	0.7537
197	38	0.6288
197	39	0.6217
197	40	0.6226
197	41	0.6639
197	52	0.6559
197	61	0.5807
197	69	0.6145
197	72	0.664
197	79	0.5115
197	84	0.6617
197	85	0.6971
197	88	0.6537
197	128	0.5894
197	145	0.6304
197	146	0.5719
197	154	0.5825
197	179	0.6244
197	197	1
197	224	0.6535
197	227	0.5721
197	229	0.5721
197	244	0.6175
198	198	1
199	46	0.6891
199	60	0.6397
199	83	0.6608
199	99	0.6862
199	100	0.6891
199	101	0.7148
199	106	0.6312
199	119	0.5926
199	124	0.6433
199	125	0.6532
199	136	0.6391
199	152	0.6785
199	162	0.5997
199	194	0.653
199	195	0.6625
199	199	1
199	212	0.6241
199	218	0.6862
199	237	0.6578
199	250	0.6134
200	200	1
201	15	0.5989
201	200	0.5904
201	201	1
201	202	0.7237
201	203	0.7173
201	204	0.7173
201	210	0.6271
201	242	0.6272
202	15	0.5989
202	42	0.6342
202	200	0.5904
202	201	0.7237
202	202	1
202	203	0.7359
202	204	0.7515
202	210	0.6271
202	211	0.6514
202	242	0.6054
203	15	0.5989
203	201	0.7173
203	202	0.7359
203	203	1
203	204	0.7359
203	210	0.6271
204	15	0.5989
204	42	0.6444
204	201	0.7173
204	202	0.7515
204	203	0.7359
204	204	1
204	210	0.6271
204	211	0.6514
205	191	0.722
205	192	0.722
205	193	0.659
205	205	1
206	135	0.6905
206	167	0.6484
206	191	0.722
206	192	0.722
206	193	0.659
206	200	0.5904
206	201	0.6335
206	202	0.6335
206	203	0.602
206	205	0.659
206	206	1
206	207	0.7707
206	208	0.7484
206	209	0.7484
206	210	0.602
206	242	0.6054
207	15	0.6172
207	68	0.6908
207	102	0.7622
207	122	0.6841
207	126	0.6841
207	135	0.6905
207	167	0.6735
207	191	0.722
207	192	0.722
207	193	0.659
207	200	0.5904
207	201	0.6335
207	202	0.6335
207	203	0.6271
207	204	0.6271
207	205	0.659
207	206	0.7707
207	207	1
207	208	0.7484
207	209	0.7484
207	210	0.6271
207	242	0.6054
208	15	0.6172
208	68	0.6908
208	102	0.647
208	122	0.6841
208	126	0.6841
208	135	0.6905
208	167	0.7085
208	191	0.722
208	192	0.722
208	193	0.659
208	200	0.5904
208	201	0.6335
208	202	0.6335
208	203	0.6271
208	204	0.6271
208	205	0.659
208	206	0.7484
208	207	0.7484
208	208	1
208	209	0.7484
208	210	0.6271
208	227	0.552
208	242	0.6054
209	15	0.6172
209	68	0.6908
209	122	0.672
209	126	0.672
209	135	0.6892
209	167	0.6735
209	193	0.6468
209	200	0.5904
209	201	0.6335
209	202	0.6335
209	203	0.6271
209	204	0.6402
209	205	0.6468
209	206	0.7484
209	207	0.7484
209	208	0.7484
209	209	1
209	210	0.6271
209	242	0.6054
210	15	0.5989
210	155	0.6381
210	201	0.6271
210	203	0.6271
210	204	0.6271
210	210	1
211	2	0.7648
211	40	0.626
211	66	0.6186
211	81	0.5774
211	121	0.6438
211	127	0.6194
211	155	0.6083
211	168	0.5853
211	202	0.6514
211	204	0.6514
211	211	1
211	219	0.6655
211	240	0.6089
212	70	0.6328
212	125	0.6235
212	162	0.6381
212	212	1
212	214	0.6458
212	237	0.6553
213	3	0.7217
213	107	0.7151
213	213	1
213	225	0.5923
214	55	0.6749
214	98	0.6271
214	119	0.6055
214	120	0.6749
214	125	0.6307
214	162	0.6519
214	194	0.6642
214	195	0.6642
214	196	0.5713
214	212	0.6458
214	214	1
214	215	0.6446
214	216	0.6311
214	237	0.6749
215	19	0.6591
215	47	0.6948
215	139	0.5867
