1	1	1
1	62	0.5126
1	85	0.5184
1	111	0.5196
1	141	0.5175
1	153	0.5141
1	205	0.5085
2	2	1
2	82	0.5344
2	83	0.5336
2	168	0.541
2	245	0.5333
2	250	0.5564
3	3	1
3	5	0.5434
3	15	0.6001
3	155	0.5467
3	213	0.8376
3	242	0.5368
4	4	1
4	51	0.9643
4	225	0.5115
4	238	0.902
5	3	0.5434
5	5	1
5	15	0.5575
5	155	0.5203
5	213	0.5455
5	242	0.5168
6	6	1
6	148	0.5305
6	149	0.5336
6	243	0.6063
7	7	1
7	8	0.7037
7	10	0.6814
7	11	0.6988
7	12	0.6888
7	26	0.5935
7	27	0.5861
7	28	0.5898
7	31	0.5771
7	43	0.5816
7	89	0.5971
7	106	0.5173
7	183	0.5568
8	7	0.7037
8	8	1
8	10	0.6626
8	11	0.7748
8	12	0.673
8	26	0.5787
8	27	0.5757
8	43	0.5778
8	47	0.5488
8	128	0.5104
8	167	0.5096
8	183	0.5605
9	9	1
10	7	0.6814
10	8	0.6626
10	10	1
10	11	0.6688
10	12	0.7317
10	183	0.5622
11	7	0.6988
11	8	0.7748
11	10	0.6688
11	11	1
11	12	0.6864
11	26	0.5782
11	27	0.5774
11	43	0.5878
11	170	0.5111
11	221	0.506
12	7	0.6888
12	8	0.673
12	10	0.7317
12	11	0.6864
12	12	1
12	148	0.5086
12	183	0.5601
12	201	0.5088
12	221	0.5083
13	13	1
13	68	0.5384
14	14	1
14	74	0.5631
14	75	0.5625
14	76	0.5638
14	77	0.5546
15	3	0.6001
15	5	0.5575
15	15	1
15	155	0.5442
15	213	0.5935
15	242	0.5391
16	9	0.5083
16	16	1
16	20	0.508
16	37	0.515
16	62	0.5133
16	64	0.509
16	129	0.5083
16	161	0.5192
16	181	0.5086
16	216	0.5126
16	248	0.5078
17	17	1
17	18	0.7061
17	19	0.7043
17	72	0.5081
17	73	0.5372
17	87	0.5917
17	103	0.5096
17	132	0.5674
17	133	0.5523
17	139	0.5536
17	140	0.5608
17	160	0.5062
17	173	0.5225
17	176	0.5245
17	198	0.5288
17	200	0.5111
17	203	0.5083
17	215	0.5733
18	9	0.5084
18	17	0.7061
18	18	1
18	19	0.7484
18	37	0.517
18	73	0.5384
18	87	0.5926
18	109	0.5108
18	132	0.5646
18	139	0.5663
18	140	0.5588
18	174	0.5311
18	175	0.5256
18	176	0.5273
18	215	0.5631
18	234	0.5098
19	17	0.7043
19	18	0.7484
19	19	1
19	63	0.5357
19	73	0.547
19	78	0.5107
19	84	0.5066
19	87	0.6017
19	116	0.5117
19	132	0.5696
19	133	0.5615
19	139	0.5666
19	140	0.5617
19	175	0.5251
19	213	0.5062
19	215	0.5637
19	224	0.5088
20	20	1
21	2	0.5081
21	16	0.5126
21	21	1
21	34	0.5111
21	40	0.5052
21	80	0.5127
21	97	0.5095
21	106	0.5313
21	125	0.5152
21	128	0.5093
21	141	0.5142
21	148	0.5104
21	149	0.5113
21	205	0.5084
21	211	0.52
21	221	0.5094
21	234	0.5118
21	235	0.5147
21	236	0.5111
21	245	0.5113
22	22	1
22	37	0.5171
22	38	0.5097
22	39	0.5152
22	41	0.5094
22	52	0.5129
22	59	0.5106
22	74	0.5072
22	79	0.5185
22	84	0.5065
22	97	0.5146
22	113	0.5126
22	114	0.5114
22	126	0.5129
22	129	0.5085
22	137	0.5174
22	143	0.513
22	146	0.51
22	168	0.5106
22	181	0.5107
22	201	0.5096
22	224	0.5102
22	225	0.5105
23	23	1
23	53	0.5267
23	66	0.5336
23	97	0.5123
23	119	0.672
23	150	0.6158
23	151	0.6167
23	153	0.516
23	166	0.5231
23	169	0.52
23	170	0.5167
24	18	0.5614
24	24	1
24	25	0.7146
24	28	0.5734
24	29	0.6044
24	31	0.6069
24	42	0.5972
24	44	0.5732
24	45	0.5791
24	89	0.5847
24	90	0.6066
24	91	0.6042
24	92	0.5773
24	93	0.5723
24	94	0.5877
24	95	0.588
24	96	0.6054
24	117	0.5116
24	173	0.5254
24	183	0.558
24	215	0.5463
25	17	0.5595
25	19	0.5606
25	24	0.7146
25	25	1
25	26	0.5768
25	27	0.5816
25	28	0.5795
25	29	0.6039
25	31	0.6152
25	42	0.6008
25	45	0.579
25	87	0.5847
25	89	0.5885
25	90	0.6168
25	91	0.612
25	92	0.5954
25	93	0.5778
25	94	0.5913
25	95	0.5956
25	96	0.6151
25	112	0.5058
25	183	0.5651
25	188	0.506
25	200	0.5103
26	7	0.5935
26	8	0.5787
26	10	0.5556
26	11	0.5782
26	12	0.5562
26	26	1
26	27	0.7236
26	28	0.736
26	29	0.577
26	40	0.5062
26	42	0.5784
26	43	0.6222
26	44	0.5969
26	77	0.507
26	89	0.6134
26	90	0.5916
26	91	0.5934
26	106	0.5166
26	110	0.51
26	112	0.5072
26	131	0.5085
26	148	0.5081
26	162	0.5155
26	184	0.5154
26	192	0.5087
26	207	0.5069
26	230	0.5058
26	234	0.51
27	7	0.5861
27	8	0.5757
27	11	0.5774
27	12	0.5581
27	25	0.5816
27	26	0.7236
27	27	1
27	28	0.7137
27	43	0.6164
27	44	0.5778
27	89	0.6007
27	95	0.5676
27	132	0.558
27	173	0.5232
27	183	0.5564
27	198	0.531
28	7	0.5898
28	8	0.5663
28	11	0.5676
28	24	0.5734
28	25	0.5795
28	26	0.736
28	27	0.7137
28	28	1
28	43	0.6093
28	44	0.5972
28	89	0.6281
28	91	0.5946
28	139	0.5595
28	162	0.5138
28	183	0.5569
28	230	0.5057
29	7	0.5648
29	10	0.5594
29	12	0.5608
29	17	0.5556
29	18	0.5559
29	19	0.5607
29	24	0.6044
29	25	0.6039
29	26	0.577
29	27	0.5696
29	28	0.5701
29	29	1
29	31	0.7092
29	42	0.6083
29	45	0.5792
29	63	0.5472
29	76	0.5069
29	77	0.5066
29	87	0.5907
29	90	0.6174
29	91	0.6117
29	92	0.5915
29	93	0.5771
29	94	0.5862
29	95	0.607
29	96	0.5973
29	130	0.5106
29	131	0.5097
29	145	0.507
29	173	0.5292
29	183	0.5621
30	30	1
30	32	0.6071
30	33	0.524
30	72	0.5077
31	7	0.5771
31	10	0.5548
31	11	0.5607
31	17	0.5652
31	18	0.5742
31	19	0.5726
31	24	0.6069
31	25	0.6152
31	28	0.5696
31	29	0.7092
31	31	1
31	42	0.612
31	45	0.5893
31	47	0.5468
31	63	0.5496
31	73	0.534
31	87	0.5926
31	89	0.5792
31	90	0.6107
31	91	0.5961
31	92	0.5941
31	93	0.5766
31	94	0.5905
31	95	0.615
31	96	0.6016
31	132	0.5547
31	133	0.5485
31	139	0.5558
31	140	0.553
31	173	0.5401
31	194	0.5243
31	215	0.5482
32	30	0.6071
32	32	1
32	33	0.5444
32	142	0.5095
33	30	0.524
33	32	0.5444
33	33	1
33	72	0.5083
33	134	0.5085
34	34	1
34	67	0.5197
34	123	0.5019
34	128	0.5087
34	157	0.5145
34	158	0.5083
35	35	1
36	36	1
37	9	0.5068
37	14	0.5069
37	16	0.515
37	22	0.5171
37	30	0.512
37	33	0.5115
37	35	0.5124
37	36	0.5088
37	37	1
37	41	0.5104
37	46	0.5104
37	48	0.5099
37	50	0.506
37	54	0.5099
37	56	0.5124
37	61	0.5099
37	64	0.5083
37	65	0.5026
37	72	0.51
37	79	0.521
37	81	0.5182
37	82	0.5104
37	88	0.508
37	100	0.5141
37	102	0.5125
37	103	0.5096
37	108	0.5111
37	110	0.5112
37	117	0.5101
37	137	0.5176
37	143	0.5132
37	145	0.5064
37	153	0.5129
37	156	0.5108
37	159	0.5103
37	163	0.5113
37	166	0.5132
37	177	0.5108
37	179	0.5124
37	180	0.5234
37	181	0.5084
37	191	0.5112
37	193	0.5083
37	194	0.5213
37	197	0.5149
37	199	0.5136
37	212	0.5215
37	221	0.5056
37	222	0.5132
37	225	0.5106
37	229	0.5127
37	240	0.512
38	38	1
38	69	0.5076
38	146	0.508
39	20	0.5088
39	22	0.5152
39	39	1
39	77	0.5066
39	81	0.5178
39	113	0.511
39	129	0.509
39	137	0.7162
39	144	0.5183
39	147	0.51
39	164	0.5132
39	167	0.5095
39	180	0.5157
39	228	0.5135
39	241	0.5097
40	40	1
41	41	1
42	8	0.562
42	10	0.5585
42	12	0.5589
42	17	0.5657
42	18	0.5614
42	19	0.5727
42	24	0.5972
42	25	0.6008
42	26	0.5784
42	28	0.5713
42	29	0.6083
42	31	0.612
42	42	1
42	44	0.5746
42	45	0.7477
42	47	0.5482
42	52	0.51
42	63	0.5345
42	87	0.6024
42	89	0.583
42	90	0.6094
42	91	0.6075
42	92	0.5857
42	93	0.5712
42	94	0.5806
42	95	0.6062
42	96	0.6018
42	99	0.5172
42	140	0.5543
42	198	0.5395
43	7	0.5816
43	8	0.5778
43	11	0.5878
43	26	0.6222
43	27	0.6164
43	28	0.6093
43	43	1
43	44	0.7033
43	45	0.5665
43	89	0.609
43	92	0.5761
43	93	0.5662
43	94	0.5787
43	96	0.578
43	132	0.5641
43	133	0.5512
43	174	0.526
44	20	0.5077
44	26	0.5969
44	27	0.5778
44	28	0.5972
44	43	0.7033
44	44	1
44	89	0.6276
44	90	0.6024
44	91	0.6013
44	93	0.5779
44	94	0.5762
44	132	0.5542
44	133	0.5491
44	137	0.5152
44	174	0.5263
44	176	0.5277
44	183	0.5858
44	202	0.5091
44	215	0.5495
45	17	0.556
45	24	0.5791
45	29	0.5792
45	31	0.5893
45	42	0.7477
45	45	1
45	87	0.5856
45	90	0.5905
45	92	0.5723
45	94	0.5761
45	95	0.5777
45	173	0.5231
46	46	1
46	143	0.5355
46	216	0.5451
47	13	0.5119
47	14	0.5089
47	47	1
47	73	0.5471
47	74	0.5059
47	102	0.5144
47	132	0.5707
47	133	0.5704
47	139	0.6082
47	140	0.6177
47	175	0.5261
47	198	0.5972
47	215	0.5642
48	35	0.5082
48	48	1
48	127	0.5111
48	195	0.5215
48	226	0.5116
49	49	1
49	172	0.5216
50	50	1
51	4	0.9643
51	51	1
51	61	0.509
51	238	0.9039
52	52	1
52	101	0.5178
52	119	0.5079
52	186	0.5019
53	23	0.5267
53	53	1
53	66	0.5387
53	119	0.5257
53	150	0.5245
53	151	0.524
53	153	0.5186
53	166	0.5183
53	169	0.5179
53	170	0.5262
54	54	1
54	78	0.5602
54	104	0.5535
54	128	0.5569
54	154	0.5627
54	164	0.5392
54	165	0.543
54	179	0.5111
54	182	0.5549
54	217	0.5522
54	226	0.542
55	55	1
55	56	0.5638
55	57	0.5697
55	58	0.5762
55	123	0.5184
55	157	0.5433
55	158	0.5578
55	171	0.5816
55	172	0.5246
55	246	0.5291
56	49	0.5108
56	55	0.5638
56	56	1
56	57	0.6593
56	58	0.6456
56	105	0.5148
56	123	0.5193
56	152	0.5085
56	157	0.5656
56	158	0.5583
56	171	0.6597
56	172	0.5264
56	178	0.5116
56	212	0.5193
56	246	0.5976
56	249	0.5139
57	4	0.5119
57	49	0.5115
57	51	0.5129
57	55	0.5697
57	56	0.6593
57	57	1
57	58	0.7076
57	105	0.5168
57	121	0.517
57	123	0.5153
57	152	0.5082
57	157	0.5661
57	158	0.5499
57	171	0.6404
57	172	0.5289
57	178	0.5116
57	195	0.5202
57	246	0.5846
57	249	0.5146
58	49	0.5117
58	55	0.5762
58	56	0.6456
58	57	0.7076
58	58	1
58	105	0.5127
58	123	0.5164
58	152	0.5086
58	157	0.5646
58	158	0.5505
58	171	0.6361
58	172	0.5298
58	177	0.5129
58	178	0.5139
58	192	0.5087
58	246	0.5865
59	59	1
59	147	0.5103
59	211	0.5169
60	1	0.5131
60	2	0.5079
60	3	0.506
60	5	0.5074
60	6	0.5094
60	9	0.5086
60	13	0.5108
60	14	0.5071
60	16	0.5162
60	20	0.5091
60	22	0.5164
60	23	0.5077
60	30	0.5114
60	33	0.5099
60	35	0.5112
60	36	0.5063
60	37	0.5173
60	38	0.5123
60	39	0.5162
60	40	0.5055
60	46	0.51
60	55	0.5104
60	59	0.5106
60	60	1
60	61	0.5106
60	64	0.5084
60	65	0.5037
60	66	0.511
60	67	0.5092
60	70	0.5167
60	71	0.5092
60	74	0.5078
60	75	0.5065
60	76	0.5079
60	77	0.5063
60	82	0.5114
60	83	0.5112
60	84	0.5072
60	97	0.5098
60	98	0.5108
60	99	0.5166
60	101	0.5179
60	102	0.5132
60	103	0.5093
60	105	0.5126
60	112	0.5071
60	113	0.5144
60	114	0.5136
60	118	0.5085
60	120	0.5166
60	121	0.5199
60	122	0.517
60	125	0.5216
60	126	0.5171
60	127	0.5142
60	128	0.5086
60	130	0.5117
60	134	0.5081
60	135	0.5071
60	136	0.5128
60	137	0.514
60	138	0.5096
60	142	0.5137
60	143	0.5128
60	144	0.516
60	145	0.5084
60	146	0.5079
60	151	0.5073
60	154	0.5096
60	155	0.5067
60	156	0.5112
60	161	0.5265
60	163	0.5122
60	166	0.5112
60	168	0.5134
60	170	0.5147
60	177	0.5099
60	178	0.5105
60	179	0.5135
60	180	0.5226
60	181	0.5079
60	184	0.5149
60	191	0.5107
60	192	0.5097
60	193	0.51
60	194	0.5212
60	195	0.5219
60	196	0.511
60	199	0.513
60	200	0.5099
60	201	0.5103
60	205	0.5084
60	209	0.5076
60	211	0.5196
60	213	0.5057
60	214	0.5225
60	216	0.5119
60	218	0.5214
60	219	0.5261
60	220	0.5087
60	221	0.5056
60	223	0.5186
60	224	0.5115
60	226	0.5141
60	227	0.5177
60	228	0.5169
60	235	0.5121
60	236	0.513
60	237	0.5219
60	240	0.5161
60	241	0.5083
60	242	0.5076
60	244	0.5098
60	245	0.5128
60	250	0.5074
61	61	1
61	200	0.5103
62	1	0.5126
62	16	0.5133
62	35	0.5095
62	52	0.511
62	61	0.51
62	62	1
62	64	0.5085
62	68	0.5118
62	122	0.511
62	134	0.5073
62	143	0.5134
62	163	0.5124
62	179	0.5109
62	227	0.5166
63	63	1
63	200	0.5114
64	64	1
65	65	1
66	23	0.5336
66	53	0.5387
66	66	1
66	119	0.5327
66	150	0.5303
66	151	0.5298
66	153	0.524
66	166	0.5254
66	169	0.5238
66	170	0.5303
67	34	0.5197
67	67	1
67	248	0.6229
68	13	0.5384
68	68	1
68	184	0.5187
69	69	1
69	241	0.6705
70	1	0.5141
70	4	0.5114
70	21	0.5128
70	22	0.5153
70	36	0.5064
70	39	0.5155
70	40	0.5054
70	41	0.514
70	51	0.511
70	64	0.5099
70	67	0.5075
70	70	1
70	79	0.5174
70	80	0.5178
70	86	0.5151
70	98	0.5097
70	99	0.5192
70	100	0.5153
70	101	0.5234
70	111	0.5192
70	116	0.5122
70	121	0.5216
70	124	0.5144
70	134	0.5085
70	142	0.5114
70	143	0.5187
70	147	0.51
70	149	0.511
70	159	0.5114
70	179	0.5108
70	180	0.5253
70	184	0.5162
70	199	0.5104
70	209	0.5071
70	212	0.5206
70	218	0.5192
70	219	0.5186
70	221	0.5056
70	223	0.517
70	225	0.5105
70	234	0.511
70	235	0.5116
70	237	0.5275
70	238	0.5112
70	240	0.512
70	243	0.5082
70	244	0.5109
70	246	0.5136
71	71	1
72	72	1
73	47	0.5471
73	73	1
73	75	0.5051
73	84	0.5108
73	139	0.5557
73	140	0.5549
73	144	0.5207
73	167	0.5091
73	174	0.5297
73	175	0.5299
73	176	0.5312
73	198	0.5432
73	212	0.5194
73	214	0.517
74	14	0.5631
74	74	1
74	75	0.745
74	76	0.6859
74	77	0.6687
75	14	0.5625
75	74	0.745
75	75	1
75	76	0.6824
75	77	0.6607
76	14	0.5638
76	74	0.6859
76	75	0.6824
76	76	1
76	77	0.7058
77	14	0.5546
77	74	0.6687
77	75	0.6607
77	76	0.7058
77	77	1
78	54	0.5602
78	78	1
78	104	0.6139
78	128	0.6235
78	154	0.6242
78	164	0.5281
78	165	0.527
78	182	0.5433
78	217	0.5281
78	226	0.5281
79	20	0.5078
79	22	0.5185
79	30	0.5137
79	33	0.5101
79	36	0.5095
79	37	0.521
79	38	0.5112
79	41	0.5106
79	59	0.5096
79	64	0.5086
79	69	0.5072
79	70	0.5174
79	72	0.508
79	79	1
79	80	0.5123
79	81	0.5313
79	85	0.5165
79	88	0.5111
79	98	0.5069
79	99	0.5229
79	100	0.5152
79	107	0.5126
79	108	0.5125
79	111	0.5191
79	112	0.5084
79	117	0.5098
79	127	0.5083
79	135	0.5076
79	143	0.5132
79	145	0.5067
79	146	0.5078
79	165	0.5137
79	169	0.5151
79	186	0.503
79	189	0.5065
79	199	0.5125
79	207	0.5067
79	210	0.5084
79	212	0.5194
79	214	0.5204
79	216	0.5127
79	218	0.5132
79	219	0.5175
79	220	0.5093
79	222	0.5121
79	227	0.5153
79	238	0.5116
80	21	0.5127
80	70	0.5178
80	80	1
80	86	0.5315
80	101	0.5155
80	103	0.5106
80	134	0.508
80	137	0.5128
80	142	0.5094
80	202	0.5117
80	219	0.5202
80	222	0.5086
80	240	0.5172
81	3	0.5067
81	4	0.5114
81	6	0.5128
81	13	0.5095
81	15	0.507
81	20	0.5095
81	23	0.5101
81	30	0.5103
81	32	0.5109
81	35	0.5095
81	37	0.5182
81	38	0.5102
81	39	0.5178
81	51	0.5128
81	62	0.5137
81	64	0.5092
81	65	0.5038
81	69	0.5081
81	72	0.5081
81	74	0.507
81	75	0.506
81	79	0.5313
81	80	0.5145
81	81	1
81	85	0.5197
81	97	0.5111
81	98	0.5098
81	100	0.5152
81	101	0.5182
81	102	0.5153
81	106	0.5161
81	111	0.5185
81	120	0.5097
81	121	0.5173
81	125	0.5188
81	130	0.5129
81	135	0.5071
81	136	0.5188
81	138	0.5129
81	141	0.5193
81	142	0.5114
81	144	0.5177
81	145	0.5074
81	146	0.508
81	147	0.5094
81	149	0.5124
81	151	0.5083
81	152	0.5094
81	157	0.5131
81	159	0.5113
81	160	0.5068
81	163	0.5152
81	167	0.5137
81	168	0.5124
81	169	0.5194
81	172	0.5124
81	177	0.5119
81	178	0.5125
81	180	0.5215
81	181	0.513
81	185	0.5027
81	186	0.5027
81	193	0.5092
81	194	0.5236
81	195	0.5217
81	196	0.5122
81	199	0.5108
81	202	0.5086
81	203	0.5104
81	204	0.5087
81	205	0.5134
81	206	0.5079
81	210	0.5089
81	218	0.5136
81	223	0.5177
81	228	0.5146
81	229	0.5145
81	238	0.5145
81	239	0.5143
81	243	0.5075
81	244	0.5095
81	249	0.5181
81	250	0.5088
82	2	0.5344
82	82	1
82	83	0.935
82	168	0.6857
82	219	0.5172
82	220	0.5112
82	245	0.7927
82	250	0.5333
83	2	0.5336
83	82	0.935
83	83	1
83	168	0.6845
83	220	0.5083
83	245	0.7907
83	250	0.5339
84	84	1
85	1	0.5184
85	32	0.5104
85	67	0.5081
85	69	0.5071
85	79	0.5165
85	80	0.513
85	81	0.5197
85	83	0.5109
85	85	1
85	86	0.5201
85	99	0.5199
85	100	0.5157
85	101	0.5148
85	103	0.5093
85	136	0.5132
85	138	0.509
85	147	0.5102
85	148	0.5082
85	155	0.509
85	159	0.5095
85	163	0.5152
85	167	0.5123
85	177	0.513
85	179	0.5141
85	195	0.5309
85	196	0.5107
85	206	0.5073
85	227	0.5132
85	239	0.5116
85	240	0.5124
85	244	0.5087
85	245	0.5108
86	22	0.5145
86	23	0.5087
86	41	0.5114
86	48	0.5119
86	80	0.5315
86	85	0.5201
86	86	1
86	88	0.5084
86	103	0.5111
86	108	0.5141
86	116	0.5126
86	121	0.5962
86	127	0.5083
86	129	0.5109
86	130	0.5107
86	131	0.5108
86	141	0.5218
86	146	0.5088
86	149	0.5109
86	163	0.5143
86	168	0.5157
86	180	0.6032
86	197	0.5101
86	201	0.5096
86	204	0.5086
86	205	0.5084
86	211	0.5174
86	219	0.5177
86	222	0.513
86	229	0.5112
86	237	0.5232
86	242	0.5065
86	243	0.5105
87	7	0.567
87	8	0.5653
87	9	0.5067
87	10	0.5599
87	11	0.5653
87	12	0.5649
87	17	0.5917
87	18	0.5926
87	19	0.6017
87	24	0.5805
87	25	0.5847
87	26	0.5797
87	27	0.5725
87	28	0.5766
87	29	0.5907
87	31	0.5926
87	42	0.6024
87	43	0.5799
87	44	0.5746
87	45	0.5856
87	47	0.5703
87	63	0.5393
87	64	0.5085
87	73	0.5482
87	87	1
87	89	0.5917
87	92	0.5759
87	95	0.5909
87	96	0.5806
87	98	0.507
87	132	0.5758
87	133	0.5709
87	139	0.5814
87	140	0.5837
87	160	0.5056
87	174	0.5263
87	176	0.538
87	183	0.5584
87	198	0.5459
87	204	0.5099
87	215	0.5833
87	216	0.5126
88	88	1
88	220	0.5093
88	222	0.7115
89	7	0.5971
89	8	0.5755
89	10	0.5687
89	11	0.5717
89	12	0.5676
89	24	0.5847
89	25	0.5885
89	26	0.6134
89	27	0.6007
89	28	0.6281
89	31	0.5792
89	42	0.583
89	43	0.609
89	44	0.6276
89	45	0.5667
89	87	0.5917
89	89	1
89	90	0.6554
89	91	0.6473
89	93	0.5746
89	96	0.5871
89	114	0.5106
89	126	0.5103
89	174	0.527
89	183	0.5735
89	198	0.5367
89	213	0.5059
89	238	0.512
90	7	0.5783
90	8	0.5767
90	10	0.5751
90	11	0.5757
90	12	0.5725
90	24	0.6066
90	25	0.6168
90	26	0.5916
90	27	0.586
90	28	0.5847
90	29	0.6174
90	31	0.6107
90	42	0.6094
90	43	0.5815
90	44	0.6024
90	45	0.5905
90	63	0.5473
90	73	0.5334
90	87	0.5841
90	89	0.6554
90	90	1
90	91	0.8096
90	92	0.5988
90	93	0.6029
90	94	0.6024
90	95	0.5887
90	96	0.6204
90	112	0.506
90	139	0.5523
90	140	0.5607
90	173	0.5269
90	183	0.5824
90	215	0.5475
90	230	0.5052
90	237	0.5198
91	7	0.5706
91	8	0.577
91	10	0.5662
91	11	0.5728
91	12	0.5678
91	24	0.6042
91	25	0.612
91	26	0.5934
91	27	0.5884
91	28	0.5946
91	29	0.6117
91	30	0.5092
91	31	0.5961
91	42	0.6075
91	43	0.5772
91	44	0.6013
91	45	0.588
91	63	0.5492
91	87	0.5862
91	89	0.6473
91	90	0.8096
91	91	1
91	92	0.6022
91	93	0.6037
91	94	0.6141
91	95	0.5908
91	96	0.6246
91	135	0.5068
91	173	0.5226
91	174	0.5262
91	183	0.5842
92	3	0.5064
92	17	0.5593
92	18	0.5597
92	24	0.5773
92	25	0.5954
92	29	0.5915
92	31	0.5941
92	42	0.5857
92	43	0.5761
92	45	0.5723
92	47	0.5453
92	63	0.5437
92	90	0.5988
92	91	0.6022
92	92	1
92	93	0.6851
92	94	0.7276
92	95	0.5965
92	96	0.6002
92	133	0.5488
92	137	0.5182
92	174	0.5244
92	175	0.5258
92	187	0.5057
92	189	0.5063
92	205	0.5083
93	29	0.5771
93	44	0.5779
93	47	0.5532
93	63	0.542
93	90	0.6029
93	91	0.6037
93	92	0.6851
93	93	1
93	94	0.6911
93	95	0.5665
93	96	0.5851
93	132	0.5571
93	133	0.5496
93	175	0.5272
94	24	0.5877
94	25	0.5913
94	29	0.5862
94	31	0.5905
94	37	0.5157
94	42	0.5806
94	43	0.5787
94	44	0.5762
94	45	0.5761
94	47	0.5493
94	63	0.5331
94	90	0.6024
94	91	0.6141
94	92	0.7276
94	93	0.6911
94	94	1
94	95	0.5872
94	96	0.5897
94	133	0.554
94	173	0.5254
94	208	0.5073
95	9	0.5087
95	17	0.5636
95	18	0.5578
95	19	0.5567
95	24	0.588
95	25	0.5956
95	29	0.607
95	31	0.615
95	33	0.5097
95	42	0.6062
95	45	0.5777
95	48	0.5102
95	51	0.5117
95	67	0.5069
95	77	0.5064
95	87	0.5909
95	92	0.5965
95	93	0.5665
95	94	0.5872
95	95	1
95	96	0.5928
95	173	0.5299
95	193	0.51
95	206	0.5081
95	238	0.5107
96	8	0.5615
96	10	0.5565
96	11	0.5625
96	12	0.5576
96	17	0.5581
96	18	0.5706
96	19	0.5756
96	24	0.6054
96	25	0.6151
96	27	0.5703
96	29	0.5973
96	31	0.6016
96	42	0.6018
96	43	0.578
96	44	0.5775
96	45	0.5753
96	73	0.5326
96	89	0.5871
96	90	0.6204
96	91	0.6246
96	92	0.6002
96	93	0.5851
96	94	0.5897
96	95	0.5928
96	96	1
96	198	0.5302
96	249	0.5154
97	22	0.5146
97	23	0.5123
97	50	0.5053
97	97	1
97	119	0.5075
97	223	0.5163
98	98	1
98	225	0.5126
99	4	0.5119
99	5	0.5059
99	15	0.5062
99	30	0.5089
99	32	0.5158
99	33	0.5148
99	39	0.5151
99	51	0.5115
99	56	0.5118
99	65	0.5031
99	70	0.5192
99	71	0.5075
99	72	0.5102
99	74	0.506
99	79	0.5229
99	82	0.5137
99	83	0.5125
99	85	0.5199
99	86	0.5161
99	88	0.5134
99	99	1
99	101	0.5161
99	103	0.513
99	104	0.5094
99	107	0.5127
99	111	0.5188
99	114	0.5119
99	115	0.5115
99	116	0.5208
99	121	0.5186
99	122	0.5114
99	124	0.5126
99	126	0.5108
99	136	0.5136
99	137	0.5166
99	141	0.5175
99	142	0.5102
99	148	0.5089
99	149	0.5096
99	150	0.509
99	152	0.5091
99	156	0.51
99	158	0.5081
99	161	0.5205
99	162	0.5131
99	177	0.5102
99	178	0.5124
99	186	0.5015
99	195	0.5222
99	196	0.5115
99	199	0.5123
99	200	0.5125
99	204	0.5082
99	206	0.5077
99	208	0.5069
99	209	0.5069
99	210	0.5077
99	212	0.5207
99	214	0.5282
99	218	0.5134
99	219	0.5273
99	220	0.5109
99	221	0.5072
99	222	0.5147
99	228	0.5135
99	230	0.5055
99	238	0.5122
99	243	0.5088
99	244	0.5101
99	245	0.516
100	23	0.5093
100	38	0.5104
100	65	0.5038
100	78	0.5117
100	79	0.5152
100	85	0.5157
100	98	0.5066
100	100	1
100	121	0.5183
100	141	0.519
100	145	0.5073
100	180	0.5177
100	196	0.5147
100	236	0.5128
100	239	0.5138
100	242	0.5064
100	249	0.5141
101	13	0.5091
101	21	0.5141
101	33	0.5142
101	50	0.5055
101	52	0.5178
101	60	0.5179
101	65	0.5027
101	70	0.5234
101	71	0.5083
101	74	0.508
101	80	0.5155
101	81	0.5182
101	85	0.5148
101	101	1
101	114	0.5107
101	116	0.5137
101	122	0.5146
101	123	0.501
101	126	0.5105
101	127	0.5082
101	138	0.5119
101	149	0.5105
101	159	0.5172
101	165	0.5129
101	170	0.5114
101	185	0.5026
101	192	0.5087
101	196	0.5106
101	197	0.5122
101	204	0.5102
101	220	0.5106
101	228	0.5151
101	239	0.5142
101	248	0.5071
102	102	1
102	103	0.5111
102	109	0.5096
102	113	0.5115
102	160	0.5057
102	179	0.5116
102	200	0.517
102	201	0.5094
102	202	0.5096
102	206	0.5079
102	212	0.5225
102	244	0.5121
103	103	1
104	54	0.5535
104	77	0.5064
104	78	0.6139
104	104	1
104	128	0.5946
104	154	0.6216
104	164	0.525
104	165	0.5227
104	182	0.5407
104	217	0.5238
104	226	0.5262
104	250	0.5076
105	49	0.5077
105	53	0.509
105	56	0.5148
105	57	0.5168
105	58	0.5127
105	105	1
105	172	0.5109
106	21	0.5313
106	54	0.5106
106	66	0.5098
106	88	0.5085
106	104	0.5092
106	106	1
106	110	0.5127
106	112	0.5075
106	127	0.5123
106	128	0.5104
106	144	0.5157
106	147	0.5092
106	156	0.5092
106	182	0.5131
106	184	0.517
106	185	0.5025
106	200	0.5103
106	205	0.5079
106	208	0.5068
106	212	0.5193
106	234	0.5134
106	241	0.5072
106	247	0.5058
106	250	0.5094
107	107	1
107	108	0.897
107	109	0.8295
107	110	0.7624
107	116	0.5221
107	117	0.5384
107	118	0.5342
107	187	0.5059
107	188	0.507
107	189	0.5063
107	190	0.5061
107	231	0.5069
107	232	0.5069
107	233	0.5066
107	247	0.5073
108	107	0.897
108	108	1
108	109	0.8344
108	110	0.7701
108	113	0.5108
108	116	0.5231
108	117	0.538
108	118	0.5316
108	187	0.5065
108	188	0.5072
108	189	0.5074
108	190	0.5063
108	231	0.5072
108	232	0.5067
108	233	0.5068
108	247	0.5059
109	107	0.8295
109	108	0.8344
109	109	1
109	110	0.7562
109	116	0.5202
109	117	0.533
109	118	0.5277
109	187	0.5059
109	188	0.5072
109	189	0.5066
109	190	0.5065
109	231	0.5069
109	232	0.508
109	233	0.5069
109	247	0.506
110	53	0.5074
110	107	0.7624
110	108	0.7701
110	109	0.7562
110	110	1
110	116	0.5238
110	117	0.5285
110	118	0.5263
110	184	0.5144
110	231	0.5053
110	232	0.5062
110	233	0.5054
111	1	0.5196
111	2	0.5095
111	3	0.5052
111	4	0.5121
111	5	0.506
111	9	0.5069
111	15	0.5079
111	20	0.5087
111	21	0.5133
111	35	0.5098
111	36	0.5056
111	38	0.5126
111	39	0.5151
111	41	0.5112
111	46	0.5123
111	51	0.5106
111	61	0.5098
111	62	0.5159
111	66	0.5111
111	67	0.5082
111	69	0.5072
111	70	0.5192
111	71	0.5092
111	72	0.5089
111	75	0.5085
111	76	0.5079
111	79	0.5191
111	81	0.5185
111	84	0.5067
111	85	0.5144
111	86	0.5167
111	88	0.5119
111	99	0.5188
111	104	0.5086
111	106	0.5139
111	107	0.5136
111	109	0.5107
111	111	1
111	114	0.5137
111	115	0.5135
111	116	0.5143
111	118	0.5101
111	121	0.5202
111	125	0.5146
111	130	0.5157
111	134	0.5081
111	135	0.5084
111	137	0.5136
111	138	0.5117
111	144	0.515
111	145	0.5065
111	150	0.5105
111	156	0.5089
111	160	0.5054
111	161	0.5211
111	167	0.5147
111	181	0.5089
111	184	0.5144
111	185	0.5018
111	186	0.5018
111	190	0.5077
111	193	0.5095
111	195	0.5263
111	196	0.5188
111	197	0.5107
111	200	0.5113
111	202	0.5083
111	207	0.5072
111	211	0.5202
111	214	0.5212
111	217	0.5113
111	220	0.5085
111	222	0.5109
111	225	0.5111
111	227	0.5161
111	229	0.5131
111	231	0.5048
111	232	0.5048
111	233	0.5057
111	234	0.5097
111	236	0.5133
111	237	0.5261
111	238	0.5143
111	244	0.5083
111	248	0.5086
111	249	0.5194
112	112	1
113	108	0.5108
113	113	1
113	114	0.6972
113	115	0.6963
114	113	0.6972
114	114	1
114	115	0.8482
114	135	0.5074
114	223	0.5166
115	113	0.6963
115	114	0.8482
115	115	1
115	167	0.5116
115	201	0.5121
115	237	0.5196
116	99	0.5208
116	107	0.5221
116	108	0.5231
116	109	0.5202
116	110	0.5238
116	116	1
116	117	0.5195
116	118	0.516
117	107	0.5384
117	108	0.538
117	109	0.533
117	110	0.5285
117	116	0.5195
117	117	1
117	118	0.6136
117	191	0.5092
118	107	0.5342
118	108	0.5316
118	109	0.5277
118	110	0.5263
118	116	0.516
118	117	0.6136
118	118	1
119	23	0.672
119	53	0.5257
119	66	0.5327
119	119	1
119	150	0.6251
119	151	0.6217
119	153	0.5138
119	166	0.5207
119	169	0.5254
119	170	0.5228
120	120	1
121	16	0.5147
121	55	0.5114
121	57	0.517
121	60	0.5199
121	69	0.5081
121	70	0.5216
121	72	0.5083
121	79	0.5161
121	84	0.5071
121	86	0.5962
121	88	0.5086
121	97	0.5103
121	99	0.5186
121	100	0.5183
121	111	0.5202
121	117	0.5099
121	119	0.5078
121	120	0.5085
121	121	1
121	123	0.501
121	125	0.5151
121	129	0.5082
121	135	0.5065
121	138	0.5095
121	141	0.5163
121	144	0.5196
121	156	0.5107
121	161	0.5246
121	180	0.7811
121	185	0.5018
121	186	0.5014
121	189	0.5056
121	192	0.51
121	197	0.5133
121	209	0.5073
121	210	0.5076
121	211	0.5226
121	213	0.5069
121	216	0.5149
121	219	0.5215
121	227	0.5135
121	235	0.5117
121	236	0.5101
121	241	0.5086
121	243	0.5071
121	248	0.507
122	122	1
122	126	0.8317
122	191	0.5581
122	192	0.5619
122	193	0.5441
123	55	0.5184
123	56	0.5193
123	57	0.5153
123	58	0.5164
123	123	1
123	157	0.5241
123	158	0.6147
123	171	0.5144
124	124	1
124	159	0.6054
124	211	0.5187
124	223	0.5168
125	13	0.5088
125	21	0.5152
125	60	0.5216
125	68	0.5107
125	81	0.5188
125	109	0.5102
125	117	0.5128
125	125	1
125	135	0.5067
125	145	0.5072
125	162	0.5154
125	167	0.5103
125	180	0.5145
125	182	0.5144
125	185	0.502
125	196	0.5108
125	218	0.5731
125	234	0.511
125	235	0.512
125	236	0.511
125	241	0.5118
126	122	0.8317
126	126	1
126	191	0.5503
126	192	0.5559
126	193	0.5447
127	48	0.5111
127	127	1
128	54	0.5569
128	78	0.6235
128	104	0.5946
128	128	1
128	154	0.61
128	164	0.5321
128	165	0.5289
128	182	0.5312
128	217	0.54
128	226	0.5247
129	129	1
129	130	0.5971
129	131	0.6984
130	65	0.5032
130	129	0.5971
130	130	1
130	131	0.5705
130	161	0.5199
131	76	0.5071
131	129	0.6984
131	130	0.5705
131	131	1
132	17	0.5674
132	18	0.5646
132	19	0.5696
132	47	0.5707
132	63	0.5324
132	73	0.5469
132	102	0.5129
132	114	0.5115
132	115	0.5128
132	132	1
132	133	0.7909
132	139	0.588
132	140	0.5819
132	173	0.5255
132	174	0.5261
132	175	0.5303
132	176	0.5313
132	194	0.5211
132	198	0.5486
132	202	0.5085
132	203	0.5087
132	208	0.5074
132	209	0.5067
132	215	0.5727
132	229	0.5112
132	249	0.5159
133	19	0.5615
133	47	0.5704
133	63	0.5349
133	73	0.541
133	132	0.7909
133	133	1
133	139	0.5822
133	140	0.5822
133	174	0.5307
133	175	0.5301
133	176	0.5347
133	198	0.5377
133	215	0.5612
133	249	0.5143
134	134	1
135	135	1
136	20	0.5086
136	34	0.5126
136	81	0.5188
136	120	0.5111
136	123	0.5014
136	127	0.5078
136	136	1
136	143	0.5133
136	156	0.5079
136	165	0.5128
136	172	0.5116
136	195	0.5254
136	212	0.5252
136	218	0.513
136	225	0.5128
136	250	0.5071
137	22	0.5174
137	36	0.5054
137	37	0.5176
137	39	0.7162
137	41	0.5093
137	52	0.5094
137	59	0.5094
137	80	0.5128
137	84	0.5068
137	129	0.5082
137	137	1
137	144	0.5191
137	147	0.5111
137	155	0.5067
137	160	0.5055
137	164	0.5128
137	191	0.5114
137	204	0.5094
137	206	0.5071
137	214	0.5175
137	237	0.5256
137	239	0.5156
137	245	0.5114
138	138	1
139	18	0.5663
139	19	0.5666
139	47	0.6082
139	63	0.5357
139	73	0.5557
139	106	0.5134
139	131	0.5091
139	132	0.588
139	133	0.5822
139	139	1
139	140	0.7805
139	175	0.5278
139	176	0.5253
139	198	0.5775
139	206	0.5077
139	207	0.5082
139	215	0.5813
139	248	0.5075
140	14	0.5072
140	17	0.5608
140	18	0.5588
140	19	0.5617
140	47	0.6177
140	63	0.5421
140	73	0.5549
140	76	0.5068
140	87	0.5837
140	131	0.5091
140	132	0.5819
140	133	0.5822
140	139	0.7805
140	140	1
140	175	0.5337
140	176	0.5268
140	191	0.5086
140	198	0.5822
140	215	0.5837
141	1	0.5175
141	6	0.5114
141	21	0.5142
141	41	0.5113
141	50	0.5057
141	71	0.509
141	81	0.5193
141	86	0.5218
141	98	0.5069
141	99	0.5175
141	100	0.519
141	107	0.51
141	136	0.5142
141	141	1
141	142	0.5095
141	148	0.5083
141	149	0.5116
141	163	0.5139
141	166	0.5124
141	181	0.5082
141	194	0.5205
141	197	0.5137
141	210	0.5073
141	214	0.5301
141	216	0.5135
141	220	0.5088
141	225	0.5114
141	228	0.515
141	229	0.5155
141	235	0.5105
141	236	0.5114
141	241	0.5077
141	245	0.5126
141	248	0.5084
142	32	0.5095
142	142	1
143	46	0.5355
143	62	0.5134
143	70	0.5187
143	113	0.511
143	136	0.5133
143	143	1
143	156	0.5096
143	216	0.5944
144	1	0.5119
144	4	0.5148
144	21	0.5133
144	32	0.5122
144	34	0.5143
144	36	0.5059
144	38	0.5111
144	39	0.5183
144	40	0.5077
144	46	0.5127
144	51	0.5132
144	68	0.5104
144	71	0.5072
144	76	0.5082
144	82	0.511
144	83	0.5116
144	98	0.507
144	106	0.5157
144	110	0.512
144	117	0.5101
144	121	0.5196
144	125	0.5149
144	127	0.5102
144	137	0.5191
144	144	1
144	154	0.5097
144	166	0.5149
144	180	0.5146
144	184	0.5147
144	185	0.5019
144	191	0.5099
144	199	0.5134
144	204	0.5083
144	205	0.5079
144	207	0.5068
144	212	0.5203
144	214	0.5172
144	217	0.5114
144	218	0.5128
144	227	0.5182
144	230	0.5051
144	243	0.5088
145	145	1
145	146	0.6066
146	145	0.6066
146	146	1
147	59	0.5103
147	147	1
147	159	0.5099
148	6	0.5305
148	148	1
148	149	0.7818
148	243	0.5354
149	6	0.5336
149	148	0.7818
149	149	1
149	243	0.5375
150	23	0.6158
150	53	0.5245
150	66	0.5303
150	119	0.6251
150	150	1
150	151	0.7075
150	153	0.5137
150	166	0.518
150	169	0.5254
150	170	0.5206
151	23	0.6167
151	53	0.524
151	66	0.5298
151	119	0.6217
151	150	0.7075
151	151	1
151	153	0.5132
151	166	0.5141
151	169	0.5239
151	170	0.5184
152	152	1
153	1	0.5141
153	23	0.516
153	53	0.5186
153	66	0.524
153	119	0.5138
153	150	0.5137
153	151	0.5132
153	153	1
153	166	0.5565
153	169	0.5452
153	170	0.5442
154	54	0.5627
154	78	0.6242
154	104	0.6216
154	128	0.61
154	154	1
154	164	0.5246
154	165	0.524
154	182	0.5371
154	217	0.5291
154	226	0.5271
155	3	0.5467
155	5	0.5203
155	15	0.5442
155	155	1
155	213	0.5417
155	242	0.7529
156	156	1
157	34	0.5145
157	55	0.5433
157	56	0.5656
157	57	0.5661
157	58	0.5646
157	105	0.5096
157	123	0.5241
157	157	1
157	158	0.5721
157	171	0.568
157	246	0.5197
158	55	0.5578
158	56	0.5583
158	57	0.5499
158	58	0.5505
158	123	0.6147
158	157	0.5721
158	158	1
158	171	0.5462
158	246	0.5258
159	101	0.5172
159	124	0.6054
159	147	0.5099
159	159	1
160	160	1
161	3	0.506
161	6	0.5092
161	9	0.5075
161	14	0.5069
161	15	0.5058
161	16	0.5192
161	20	0.5075
161	22	0.5138
161	32	0.5114
161	33	0.5121
161	34	0.5124
161	35	0.5118
161	36	0.5051
161	37	0.5182
161	38	0.5126
161	39	0.5148
161	40	0.5075
161	48	0.5106
161	50	0.5062
161	52	0.5109
161	54	0.5113
161	59	0.5099
161	60	0.5265
161	61	0.5139
161	62	0.5126
161	64	0.5103
161	67	0.5073
161	68	0.5116
161	69	0.5078
161	71	0.5076
161	74	0.5061
161	75	0.5048
161	79	0.5163
161	80	0.5147
161	84	0.5074
161	85	0.5152
161	88	0.5093
161	98	0.5079
161	99	0.5205
161	101	0.5158
161	102	0.5131
161	103	0.5109
161	105	0.514
161	109	0.5101
161	111	0.5211
161	112	0.5065
161	114	0.5132
161	115	0.5148
161	120	0.5176
161	121	0.5246
161	122	0.5106
161	124	0.5169
161	125	0.5155
161	129	0.5134
161	130	0.5199
161	131	0.5089
161	134	0.5101
161	136	0.5127
161	137	0.5177
161	138	0.5172
161	142	0.5116
161	144	0.5154
161	145	0.5089
161	146	0.5115
161	147	0.512
161	152	0.5106
161	154	0.5098
161	157	0.5152
161	158	0.5079
161	159	0.5141
161	161	1
161	162	0.5207
161	163	0.5157
161	164	0.5137
161	167	0.513
161	169	0.5149
161	177	0.511
161	178	0.514
161	179	0.512
161	180	0.5236
161	181	0.5102
161	185	0.5036
161	186	0.5036
161	187	0.5057
161	192	0.5105
161	193	0.5091
161	194	0.5231
161	195	0.5201
161	196	0.5116
161	199	0.5129
161	201	0.5103
161	203	0.5107
161	206	0.5096
161	207	0.5075
161	208	0.5084
161	211	0.527
161	214	0.532
161	219	0.5179
161	220	0.5084
161	223	0.5215
161	224	0.5183
161	227	0.5136
161	229	0.5171
161	235	0.5101
161	238	0.513
161	239	0.5126
161	240	0.5191
161	241	0.5083
161	244	0.5095
162	40	0.5061
162	41	0.5097
162	50	0.5063
162	118	0.5083
162	120	0.5083
162	125	0.5154
162	127	0.5117
162	148	0.5094
162	161	0.5207
162	162	1
162	185	0.5018
162	192	0.5092
162	214	0.524
162	227	0.5174
162	228	0.5151
162	230	0.5054
162	248	0.5072
163	35	0.5081
163	40	0.5051
163	62	0.5124
163	85	0.5152
163	156	0.5081
163	163	1
163	196	0.5106
164	39	0.5132
164	54	0.5392
164	78	0.5281
164	80	0.5124
164	104	0.525
164	128	0.5321
164	154	0.5246
164	164	1
164	165	0.8069
164	182	0.5827
164	217	0.5698
164	226	0.5659
165	54	0.543
165	78	0.527
165	104	0.5227
165	105	0.5094
165	124	0.5119
165	128	0.5289
165	136	0.5128
165	154	0.524
165	159	0.5111
165	164	0.8069
165	165	1
165	182	0.5814
165	217	0.5746
165	226	0.5675
166	23	0.5231
166	53	0.5183
166	66	0.5254
166	119	0.5207
166	150	0.518
166	151	0.5141
166	153	0.5565
166	166	1
166	169	0.5463
166	170	0.5447
167	9	0.5066
167	115	0.5116
167	167	1
167	200	0.5302
168	2	0.541
168	82	0.6857
168	83	0.6845
168	86	0.5157
168	103	0.5101
168	168	1
168	245	0.6884
168	246	0.513
168	250	0.5418
169	22	0.5146
169	23	0.52
169	38	0.5146
169	46	0.5105
169	53	0.5179
169	64	0.5084
169	65	0.5028
169	66	0.5238
169	81	0.5194
169	83	0.51
169	119	0.5254
169	124	0.5122
169	150	0.5254
169	151	0.5239
169	153	0.5452
169	166	0.5463
169	169	1
169	170	0.5408
169	197	0.5133
169	245	0.5123
170	23	0.5167
170	53	0.5262
170	66	0.5303
170	119	0.5228
170	150	0.5206
170	151	0.5184
170	153	0.5442
170	166	0.5447
170	169	0.5408
170	170	1
171	49	0.5112
171	55	0.5816
171	56	0.6597
171	57	0.6404
171	58	0.6361
171	59	0.5086
171	105	0.5107
171	123	0.5144
171	157	0.568
171	158	0.5462
171	171	1
171	172	0.5332
171	177	0.5131
171	178	0.5134
171	246	0.5812
172	34	0.5108
172	49	0.5216
172	55	0.5246
172	56	0.5264
172	57	0.5289
172	58	0.5298
172	105	0.5109
172	171	0.5332
172	172	1
172	196	0.5537
172	246	0.5383
172	249	0.5143
173	173	1
173	174	0.5675
173	175	0.5669
173	176	0.561
173	241	0.5085
174	20	0.5089
174	173	0.5675
174	174	1
174	175	0.5755
174	176	0.6559
174	203	0.5088
174	209	0.5061
174	210	0.5108
175	173	0.5669
175	174	0.5755
175	175	1
175	176	0.5759
176	9	0.5067
176	48	0.5124
176	126	0.5113
176	173	0.561
176	174	0.6559
176	175	0.5759
176	176	1
176	188	0.5059
176	201	0.5104
177	49	0.5069
177	58	0.5129
177	171	0.5131
177	177	1
177	178	0.8191
177	246	0.5131
178	58	0.5139
178	171	0.5134
178	177	0.8191
178	178	1
178	180	0.5156
178	224	0.5086
179	49	0.5062
179	54	0.5111
179	152	0.5081
179	179	1
179	227	0.5136
180	30	0.5094
180	34	0.5113
180	37	0.5234
180	39	0.5157
180	46	0.5119
180	52	0.5092
180	53	0.5092
180	60	0.5226
180	62	0.5127
180	68	0.5115
180	69	0.5071
180	70	0.5253
180	72	0.5107
180	81	0.5215
180	86	0.6032
180	97	0.5113
180	100	0.5177
180	107	0.5117
180	109	0.5104
180	110	0.5101
180	113	0.5109
180	121	0.7811
180	124	0.5116
180	125	0.5145
180	134	0.5086
180	138	0.5084
180	142	0.5103
180	147	0.5117
180	159	0.5106
180	161	0.5236
180	163	0.5142
180	177	0.5131
180	178	0.5156
180	180	1
180	192	0.5121
180	194	0.5252
180	195	0.5216
180	200	0.5108
180	203	0.5129
180	204	0.5095
180	216	0.5119
180	221	0.5057
180	225	0.5101
181	181	1
182	54	0.5549
182	78	0.5433
182	104	0.5407
182	125	0.5144
182	128	0.5312
182	135	0.5065
182	154	0.5371
182	164	0.5827
182	165	0.5814
182	182	1
182	217	0.6057
182	226	0.5524
183	10	0.5622
183	12	0.5601
183	13	0.5097
183	44	0.5858
183	183	1
183	198	0.5284
183	201	0.5091
183	224	0.5116
183	248	0.5069
184	14	0.5077
184	53	0.5074
184	68	0.5187
184	76	0.5084
184	77	0.5091
184	84	0.507
184	106	0.517
184	110	0.5144
184	112	0.5086
184	117	0.5118
184	118	0.508
184	125	0.5142
184	130	0.5144
184	131	0.5127
184	146	0.5112
184	149	0.5084
184	162	0.5126
184	163	0.5113
184	178	0.5102
184	182	0.5114
184	184	1
184	191	0.5195
184	193	0.5097
184	205	0.5084
184	207	0.5066
184	208	0.5068
184	210	0.5079
184	218	0.5141
184	223	0.5182
184	234	0.5095
184	241	0.5077
184	247	0.506
184	248	0.5086
185	185	1
185	186	0.8212
186	185	0.8212
186	186	1
187	187	1
187	188	0.7754
187	189	0.8725
187	190	0.7544
187	230	0.5358
187	231	0.5375
187	232	0.5409
187	233	0.5407
187	247	0.547
188	187	0.7754
188	188	1
188	189	0.7552
188	190	0.727
188	230	0.5365
188	231	0.5439
188	232	0.5422
188	233	0.5443
188	247	0.5451
189	187	0.8725
189	188	0.7552
189	189	1
189	190	0.7498
189	230	0.5375
189	231	0.5366
189	232	0.5404
189	233	0.5419
189	247	0.5467
190	187	0.7544
190	188	0.727
190	189	0.7498
190	190	1
190	230	0.5372
190	231	0.5371
190	232	0.5395
190	233	0.5408
190	247	0.5453
191	122	0.5581
191	126	0.5503
191	184	0.5195
191	191	1
191	192	0.6322
191	193	0.6622
192	122	0.5619
192	126	0.5559
192	191	0.6322
192	192	1
192	193	0.6074
193	122	0.5441
193	126	0.5447
193	191	0.6622
193	192	0.6074
193	193	1
194	1	0.5133
194	4	0.5158
194	5	0.5062
194	6	0.5091
194	9	0.5064
194	13	0.5098
194	14	0.5073
194	16	0.5132
194	21	0.5136
194	22	0.5161
194	30	0.5101
194	32	0.5097
194	33	0.5107
194	34	0.5157
194	35	0.5115
194	36	0.5096
194	37	0.5213
194	38	0.5121
194	40	0.5055
194	46	0.5111
194	48	0.5108
194	50	0.5082
194	51	0.5141
194	59	0.5085
194	60	0.5212
194	62	0.5166
194	65	0.5047
194	67	0.5107
194	68	0.5133
194	69	0.5072
194	71	0.5075
194	72	0.5113
194	74	0.5097
194	75	0.5076
194	78	0.5095
194	81	0.5236
194	85	0.5149
194	86	0.5174
194	97	0.5106
194	101	0.5203
194	102	0.5133
194	105	0.5091
194	106	0.5198
194	107	0.5096
194	108	0.516
194	110	0.5107
194	112	0.5073
194	114	0.5143
194	115	0.5152
194	118	0.5123
194	119	0.5099
194	120	0.5084
194	122	0.5102
194	123	0.5017
194	124	0.5125
194	127	0.5093
194	129	0.5095
194	131	0.5088
194	135	0.5094
194	136	0.5197
194	138	0.5097
194	141	0.5205
194	143	0.5168
194	144	0.5197
194	145	0.5063
194	147	0.5126
194	152	0.5097
194	155	0.5062
194	156	0.5083
194	157	0.5195
194	158	0.5081
194	159	0.5124
194	160	0.5075
194	161	0.5231
194	163	0.516
194	167	0.5118
194	168	0.5113
194	169	0.5176
194	171	0.5126
194	172	0.512
194	177	0.5162
194	180	0.5252
194	181	0.512
194	184	0.5146
194	185	0.5019
194	187	0.509
194	188	0.5069
194	190	0.5061
194	191	0.5096
194	193	0.5102
194	194	1
194	195	0.5811
194	197	0.5114
194	199	0.5121
194	202	0.5131
194	203	0.5137
194	204	0.5096
194	205	0.5087
194	206	0.5085
194	207	0.507
194	208	0.5077
194	212	0.5214
194	214	0.526
194	216	0.5132
194	218	0.5214
194	219	0.5194
194	220	0.5155
194	221	0.5066
194	222	0.5097
194	223	0.5174
194	224	0.5115
194	225	0.5111
194	228	0.5138
194	229	0.5115
194	234	0.512
194	235	0.5127
194	236	0.5116
194	237	0.522
194	239	0.5204
194	240	0.5127
194	242	0.5062
194	243	0.5074
194	244	0.5092
194	248	0.5069
194	249	0.5143
195	2	0.5067
195	4	0.5131
195	6	0.5107
195	9	0.5098
195	13	0.5088
195	14	0.5119
195	15	0.5075
195	16	0.5175
195	20	0.5106
195	21	0.5155
195	30	0.5118
195	32	0.5115
195	33	0.5094
195	34	0.5147
195	35	0.5098
195	36	0.5054
195	38	0.5097
195	40	0.5052
195	48	0.5215
195	49	0.5074
195	50	0.5075
195	51	0.515
195	52	0.5132
195	54	0.5092
195	55	0.5108
195	57	0.5202
195	58	0.5171
195	59	0.5127
195	60	0.5219
195	62	0.5133
195	64	0.5083
195	65	0.505
195	67	0.5076
195	68	0.5134
195	69	0.5086
195	71	0.511
195	72	0.5115
195	75	0.5063
195	81	0.5217
195	82	0.511
195	83	0.5136
195	84	0.5101
195	85	0.5309
195	86	0.5152
195	88	0.5138
195	97	0.5097
195	99	0.5222
195	100	0.5143
195	101	0.5166
195	102	0.5152
195	103	0.5102
195	105	0.5109
195	106	0.5149
195	111	0.5263
195	112	0.5067
195	113	0.5113
195	114	0.516
195	115	0.5161
195	116	0.5167
195	118	0.5105
195	119	0.5135
195	120	0.5109
195	122	0.5154
195	123	0.5017
195	124	0.5119
195	126	0.5123
195	127	0.5111
195	130	0.5142
195	131	0.5112
195	134	0.5095
195	136	0.5254
195	138	0.5088
195	141	0.5157
195	142	0.5101
195	143	0.5119
195	146	0.5117
195	148	0.5087
195	152	0.5081
195	155	0.5065
195	156	0.5078
195	158	0.51
195	159	0.5165
195	160	0.5088
195	161	0.5201
195	162	0.514
195	163	0.5171
195	165	0.5148
195	167	0.5096
195	168	0.5121
195	169	0.5151
195	171	0.5177
195	172	0.5137
195	177	0.5118
195	178	0.5109
195	179	0.5112
195	180	0.5216
195	182	0.5156
195	184	0.5176
195	186	0.5032
195	191	0.5106
195	192	0.5088
195	193	0.5094
195	194	0.5811
195	195	1
195	197	0.5101
195	199	0.5125
195	202	0.5092
195	203	0.5089
195	205	0.511
195	207	0.5069
195	208	0.5068
195	210	0.51
195	212	0.5273
195	213	0.5056
195	216	0.5114
195	217	0.5165
195	218	0.5144
195	219	0.5201
195	220	0.509
195	221	0.5079
195	223	0.5239
195	224	0.5087
195	225	0.5119
195	226	0.512
195	228	0.517
195	229	0.5128
195	234	0.5099
195	235	0.5107
195	236	0.5125
195	237	0.5206
195	238	0.5146
195	239	0.5161
195	240	0.5122
195	241	0.5086
195	242	0.5067
195	243	0.5072
195	244	0.5096
195	245	0.5128
195	247	0.5058
195	249	0.5167
196	97	0.51
196	100	0.5147
196	111	0.5188
196	172	0.5537
196	196	1
196	241	0.5078
197	37	0.5149
197	103	0.51
197	197	1
198	5	0.5063
198	13	0.5091
198	47	0.5972
198	67	0.508
198	73	0.5432
198	107	0.5103
198	113	0.5112
198	139	0.5775
198	140	0.5822
198	176	0.5258
198	198	1
198	215	0.5459
198	248	0.5089
199	120	0.5084
199	199	1
199	209	0.5062
199	223	0.5174
200	61	0.5103
200	102	0.517
200	167	0.5302
200	200	1
201	115	0.5121
201	201	1
201	202	0.7136
201	203	0.7187
201	204	0.7048
202	201	0.7136
202	202	1
202	203	0.8373
202	204	0.7456
203	201	0.7187
203	202	0.8373
203	203	1
203	204	0.7427
204	201	0.7048
204	202	0.7456
204	203	0.7427
204	204	1
205	205	1
206	206	1
206	207	0.7974
206	208	0.7404
206	209	0.5524
207	206	0.7974
207	207	1
207	208	0.7299
207	209	0.554
208	206	0.7404
208	207	0.7299
208	208	1
208	209	0.5529
209	206	0.5524
209	207	0.554
